2048 1024
436 694 728
123 605 813
381 587 998
674 765 931
121 460 876
60 536 972
77 79 747
92 173 186
195 881 906
231 566 794
18 428 448
99 390 823
221 287 695
173 579 831
113 808 990
13 424 688
370 405 448
374 446 895
7 223 723
32 202 858
253 486 491
125 218 827
115 153 391
298 641 892
185 495 540
227 784 885
144 334 628
315 930 988
57 221 449
569 620 863
167 287 720
396 416 947
112 327 905
548 704 952
406 456 594
92 295 794
216 763 786
760 829 851
157 791 879
82 396 650
34 137 834
37 553 968
325 558 890
139 348 475
530 887 1003
135 600 663
289 693 849
536 860 870
224 443 983
401 692 839
120 659 924
170 570 724
128 290 409
855 893 980
69 559 929
180 253 987
609 641 670
174 428 606
707 724 787
51 196 358
731 755 977
360 839 929
183 277 562
216 441 582
42 200 387
110 723 981
776 862 924
597 600 978
117 561 903
469 642 944
416 525 758
310 504 526
250 273 300
166 956 980
24 260 333
498 645 861
129 194 371
282 452 494
57 979 991
603 709 722
126 706 909
102 552 639
725 790 998
354 980 1000
236 302 625
56 326 528
2 63 696
84 466 545
11 636 649
51 276 716
17 697 803
14 343 746
626 744 1003
74 167 613
583 874 953
311 352 555
12 490 779
211 666 688
241 509 636
143 332 756
94 442 992
482 608 848
774 842 872
110 228 843
35 774 959
406 768 926
238 432 788
104 361 555
338 510 660
93 242 737
127 197 740
280 320 494
47 196 625
201 433 815
444 530 825
34 757 949
465 643 917
216 629 1022
543 630 779
140 649 651
223 552 812
591 787 1023
359 715 841
70 308 484
402 909 1021
345 586 795
75 278 668
125 750 848
29 590 969
73 201 517
62 317 1011
607 717 973
24 435 785
480 859 904
189 682 1021
114 171 856
208 436 486
209 576 612
64 281 894
16 50 300
413 699 782
48 433 581
310 388 558
447 481 960
365 568 740
79 348 841
719 783 786
10 428 1014
212 235 469
11 622 993
114 159 489
494 772 826
146 679 802
215 483 913
468 931 978
507 626 879
284 399 410
153 210 936
850 916 954
453 637 1011
71 299 989
221 408 491
258 690 940
315 780 920
443 657 905
256 491 988
224 951 979
173 212 342
494 529 673
97 593 594
198 350 1012
421 449 709
200 660 1015
239 258 598
183 230 778
354 419 423
107 490 814
36 419 929
9 547 558
356 389 554
346 440 997
275 630 1006
437 461 540
124 381 476
489 796 936
402 766 916
154 498 707
567 835 847
2 164 231
512 867 935
495 725 787
369 834 840
84 533 993
650 720 835
276 499 518
20 957 967
198 865 928
246 701 876
517 541 793
171 259 556
335 927 944
688 866 917
442 528 673
139 575 692
153 258 983
236 649 930
465 623 636
651 919 965
420 491 627
50 62 682
127 423 819
224 835 855
313 794 900
466 478 917
43 263 844
437 444 655
87 110 396
169 825 901
235 507 649
153 417 685
303 316 974
187 573 687
497 610 786
347 440 590
134 424 652
339 445 452
283 831 887
43 225 874
433 961 989
5 481 514
249 706 911
16 49 233
53 496 942
702 811 896
113 243 306
121 217 426
39 487 786
203 248 266
355 734 1007
450 678 741
122 184 740
351 592 1018
85 245 978
62 632 840
107 249 883
498 652 986
355 373 439
17 407 916
598 717 1019
19 417 937
238 336 714
908 917 978
103 280 1021
27 87 116
551 583 975
631 698 783
164 599 779
294 363 819
244 523 685
93 668 771
23 685 774
405 492 518
213 678 913
95 660 951
559 730 1017
143 324 491
316 648 887
71 246 378
51 250 838
406 413 525
38 904 975
344 752 822
322 611 935
307 467 960
255 343 820
137 862 1001
78 462 831
31 213 462
615 656 904
190 558 923
177 289 952
60 365 883
23 456 727
247 308 584
98 226 283
743 775 980
282 759 861
137 502 971
176 589 698
180 595 856
335 337 481
547 816 919
328 376 435
504 789 890
271 810 848
151 212 1003
126 168 497
122 363 678
546 779 832
270 506 535
441 860 924
170 477 647
417 505 1013
414 808 946
461 746 795
241 341 413
108 812 1002
320 660 885
56 742 756
189 668 793
224 396 794
383 430 553
464 753 826
136 155 958
320 521 781
433 780 836
145 421 725
46 387 578
85 162 588
367 497 1004
685 686 854
60 174 272
776 850 1018
37 242 585
7 752 972
262 403 915
47 300 812
424 569 801
301 401 852
118 164 762
67 664 907
761 817 829
493 619 816
361 737 810
181 387 726
61 507 528
25 190 1001
246 727 1008
660 771 985
99 337 520
190 615 683
55 73 873
54 202 374
195 416 662
105 404 774
206 830 938
434 468 540
33 592 883
188 211 307
78 140 446
556 807 870
430 530 800
602 743 808
104 286 691
241 544 700
805 960 1001
415 492 550
161 351 867
133 344 489
156 279 986
524 680 884
754 796 953
603 645 942
422 827 855
359 711 918
115 542 795
284 351 992
90 775 948
212 299 585
571 918 921
151 602 955
164 425 1017
458 593 860
98 547 940
166 776 990
246 508 911
405 581 739
49 443 557
247 880 941
280 400 961
2 588 649
34 436 777
91 500 900
594 627 729
78 160 355
363 432 846
245 617 626
225 587 597
274 478 803
148 733 874
118 240 696
598 750 1007
337 759 903
60 209 857
598 677 773
29 66 896
133 296 356
299 496 664
485 598 716
145 276 673
59 503 823
754 824 953
3 87 553
369 389 605
64 361 662
133 257 571
279 716 731
390 556 704
277 363 746
281 360 445
147 738 810
40 188 845
37 384 399
1 651 693
119 471 852
66 726 870
414 850 1013
381 680 919
10 764 1020
39 244 409
69 280 1014
141 213 557
135 277 715
237 613 676
125 421 643
234 365 713
363 471 537
192 211 456
199 706 805
26 206 319
109 951 1012
596 942 974
130 583 871
105 898 907
320 378 550
26 429 475
301 422 766
455 688 854
13 566 969
266 301 965
328 457 1014
327 513 738
138 510 568
268 614 674
349 444 1010
255 391 556
272 360 641
267 290 539
388 580 629
205 267 304
374 914 1006
193 376 809
46 277 823
285 523 609
26 296 626
700 871 899
246 343 835
58 303 960
194 335 871
321 768 964
834 912 970
303 690 751
92 394 1017
271 563 571
140 358 968
68 146 711
248 290 523
133 721 804
117 872 884
219 326 933
280 291 714
391 647 737
116 250 707
544 614 788
747 952 1012
402 902 1009
64 151 531
239 353 469
3 653 986
386 573 698
475 550 930
254 631 934
93 111 383
411 517 670
543 561 620
403 924 1021
226 898 954
6 435 575
24 343 1018
354 356 900
90 178 525
49 184 281
294 651 656
253 531 684
125 650 932
275 366 981
103 339 391
484 656 972
169 199 346
293 510 888
527 559 630
116 417 487
6 256 581
414 432 619
545 916 943
101 882 1020
217 783 918
227 462 937
131 515 676
279 529 566
109 748 819
9 59 855
441 781 804
79 746 763
472 717 969
354 712 863
570 580 658
146 674 759
795 864 874
227 389 767
284 518 683
382 437 1019
16 696 776
522 683 733
155 250 543
288 616 641
624 941 943
241 533 1007
462 505 813
75 227 656
544 683 949
68 700 951
116 377 1018
56 813 842
140 665 803
336 635 762
348 394 620
622 707 949
227 565 822
99 331 604
496 774 857
415 808 809
301 513 663
19 71 520
138 214 515
98 274 744
23 219 1010
447 812 870
289 389 506
130 826 875
368 429 872
457 479 619
328 614 718
357 895 940
58 470 986
759 851 973
66 574 933
80 126 822
6 44 267
226 285 826
679 849 958
263 577 731
94 473 485
322 423 659
540 632 974
323 667 727
198 520 543
624 693 993
394 996 1022
106 464 1002
304 419 995
560 750 852
172 266 455
659 690 781
309 373 379
436 455 545
128 191 788
322 469 925
74 557 910
486 788 906
244 368 527
242 523 773
82 563 1002
367 635 797
20 229 304
7 149 401
221 458 670
282 426 884
676 923 988
206 786 954
147 957 995
509 940 980
152 318 998
510 732 751
113 613 1012
330 566 634
31 657 963
18 430 529
150 303 915
371 592 646
918 932 1004
67 141 814
35 324 547
540 565 945
69 104 325
58 497 722
99 214 783
6 377 809
219 288 302
14 107 728
256 765 771
162 408 858
226 476 588
135 234 444
66 482 662
661 933 1018
74 311 350
29 220 333
33 369 620
228 483 885
393 604 982
219 609 694
645 896 1016
145 509 853
396 451 690
25 159 890
279 345 881
54 966 972
360 658 757
138 449 456
41 223 961
176 736 777
248 257 889
6 504 722
238 610 776
151 241 891
322 422 1009
71 457 695
71 336 584
81 401 693
147 207 612
174 469 514
209 669 787
35 157 427
783 880 931
394 516 987
11 313 767
347 625 787
129 676 804
647 876 896
323 334 1014
383 546 833
84 113 520
317 388 693
180 202 288
807 818 921
224 426 749
83 358 374
52 77 391
11 188 611
634 904 915
22 142 830
476 686 732
538 749 1001
72 891 938
165 240 703
80 592 746
216 440 855
140 275 574
861 939 1015
172 651 687
1 293 508
136 222 951
201 258 791
315 515 895
101 489 731
200 701 927
147 188 261
143 288 844
96 804 957
410 509 857
500 716 764
13 465 876
292 296 533
39 647 753
96 132 371
35 210 582
327 332 652
19 60 185
41 639 941
160 929 992
167 816 984
253 572 601
516 594 661
186 267 948
77 457 555
260 269 459
455 503 815
47 502 941
179 806 819
262 381 1008
396 410 898
259 303 532
338 560 869
502 828 965
159 531 902
1 346 883
279 753 870
89 182 879
187 561 943
448 462 692
9 106 836
235 400 729
201 470 493
688 772 991
192 798 847
255 524 689
231 487 931
425 499 961
105 661 958
105 867 990
296 298 688
152 315 773
61 683 964
334 364 669
117 521 976
141 418 476
38 251 912
730 814 998
324 628 790
111 454 633
470 846 1005
283 520 844
236 385 463
170 778 928
406 988 1020
50 604 809
432 555 991
487 843 989
95 289 519
155 550 829
577 975 977
126 339 593
9 193 977
295 461 909
376 429 702
523 743 999
241 578 671
45 715 955
303 398 725
474 577 891
403 480 568
37 68 305
5 617 900
669 712 953
271 313 920
148 476 703
141 178 872
162 666 694
488 599 912
176 259 1013
667 750 970
121 197 606
77 278 675
40 234 829
61 608 993
257 749 796
420 506 862
114 859 984
99 697 816
8 34 730
87 272 516
368 500 646
21 89 633
644 648 959
239 766 822
24 199 894
418 794 923
558 768 1016
204 278 552
382 937 954
8 140 996
123 243 756
511 638 966
196 821 1019
176 586 850
100 243 576
223 663 702
265 329 565
633 911 939
684 856 943
50 479 574
458 943 973
306 330 350
14 377 464
0 204 852
67 621 975
501 732 845
92 362 764
233 784 966
695 763 814
453 609 832
338 367 615
124 263 1000
237 767 773
261 708 1009
76 118 836
707 799 882
383 529 918
19 798 946
544 610 828
191 378 843
150 342 493
411 501 682
44 502 560
166 178 385
544 629 937
570 837 847
505 828 915
7 580 991
248 395 658
311 404 443
469 721 724
122 371 853
18 632 976
182 364 785
297 343 757
108 246 626
312 653 850
268 374 601
134 451 618
56 488 956
256 486 922
270 567 741
9 795 901
23 727 902
231 524 621
205 665 985
92 404 452
423 624 997
314 718 929
26 594 607
395 407 526
91 472 684
415 655 866
341 586 1012
229 501 986
100 185 356
318 760 803
308 525 934
83 563 770
103 128 908
86 589 618
253 498 757
88 829 1004
169 650 879
404 926 1009
84 181 407
300 590 1019
942 967 990
267 951 1016
251 563 926
292 426 447
10 773 991
220 601 841
203 310 908
332 542 637
385 386 993
34 253 445
5 471 959
74 158 886
215 629 760
225 362 887
443 556 909
3 304 553
111 194 922
157 897 932
418 578 1022
735 754 826
228 243 549
3 235 637
20 733 1009
631 729 842
292 767 1008
314 589 793
689 723 752
498 837 972
44 101 484
40 158 494
244 637 995
232 250 555
274 642 1015
189 252 639
48 342 407
467 994 998
180 701 801
134 457 637
390 684 933
115 499 796
152 197 551
171 320 710
21 599 869
90 311 811
567 859 888
148 197 856
720 922 962
299 312 987
427 897 964
17 156 872
245 287 398
148 530 994
107 735 931
237 849 891
406 472 482
83 528 556
187 545 734
339 772 1007
750 845 984
104 165 671
204 500 1016
547 920 952
138 233 784
385 416 811
568 643 807
142 644 1002
223 678 684
191 286 319
25 249 517
15 189 412
440 553 801
112 145 847
397 571 901
348 592 921
518 804 878
297 576 617
54 217 467
53 265 511
386 548 551
771 886 950
373 666 673
406 438 726
46 226 818
483 627 791
27 270 463
121 130 348
616 765 839
435 439 961
475 769 925
86 479 957
33 566 865
369 377 702
86 548 714
427 694 791
24 527 597
359 766 1021
527 909 1023
595 905 947
114 459 881
31 541 788
14 185 655
82 689 708
109 199 635
356 653 712
6 93 778
260 399 541
227 516 836
799 874 1010
232 445 845
120 333 882
218 385 564
463 833 987
458 797 902
585 607 710
41 378 648
439 524 758
290 672 905
85 596 801
40 75 907
4 264 492
373 537 788
90 895 985
392 495 914
349 927 936
53 427 853
516 683 790
434 557 953
220 906 956
463 480 639
520 539 732
427 715 1005
82 459 619
340 582 758
474 677 938
769 874 926
41 558 577
114 673 976
128 761 877
340 356 580
485 541 613
119 437 748
483 650 960
618 675 763
95 147 935
270 276 442
103 208 575
254 808 982
588 703 813
666 858 932
136 380 807
200 431 821
36 102 663
225 357 832
301 591 656
493 725 848
238 534 632
80 450 828
359 526 554
97 903 941
262 638 760
76 209 450
519 552 1006
245 645 841
10 464 672
71 792 864
33 715 841
806 965 999
30 135 494
81 415 835
250 508 570
488 741 972
524 680 967
161 179 854
159 166 715
504 532 924
728 896 1022
378 577 992
452 455 889
106 274 583
662 882 888
308 795 999
382 531 539
76 206 983
194 425 454
448 641 714
263 269 655
94 141 420
36 455 747
53 397 622
65 254 829
5 449 482
384 546 567
119 710 1002
306 839 996
169 590 996
334 537 923
485 562 1020
417 779 880
192 260 587
129 665 948
185 481 1023
236 767 847
853 982 1008
433 446 596
393 397 496
561 832 958
15 160 272
207 222 280
220 408 442
153 232 632
100 164 772
333 630 1001
1 46 310
101 324 326
115 136 157
192 384 433
190 792 869
295 321 851
314 430 857
527 584 933
178 490 644
96 143 770
131 225 365
503 564 825
564 723 745
109 854 861
72 326 646
196 482 861
33 915 947
74 713 777
404 532 801
243 330 823
4 654 907
376 394 761
207 522 534
48 309 392
157 340 743
328 514 955
52 332 1015
174 175 237
894 899 987
81 837 846
117 120 431
175 392 658
79 492 682
405 853 1011
47 505 808
790 918 1015
78 272 508
56 412 838
219 349 671
239 855 911
88 607 1006
292 459 880
81 326 686
307 310 723
0 368 687
268 435 477
106 108 313
409 720 883
290 783 910
184 659 953
311 353 630
1 417 934
89 314 866
324 600 739
710 904 958
106 654 928
230 288 895
244 394 979
100 212 927
275 445 907
866 936 971
492 883 946
346 350 581
29 96 202
264 587 906
608 963 968
82 323 517
177 792 816
57 177 363
43 180 610
342 489 744
636 739 983
552 600 607
285 503 679
38 72 889
161 327 1009
142 420 424
352 711 946
292 309 568
305 422 444
181 371 871
265 554 789
336 427 439
364 784 789
635 848 898
550 785 895
160 190 197
818 870 881
438 611 726
61 83 604
185 811 979
681 704 935
478 596 768
137 400 506
135 624 875
421 772 964
372 418 828
171 321 757
440 665 949
770 831 948
562 572 806
144 749 784
82 88 547
485 541 653
84 112 893
666 694 785
591 679 968
30 533 726
183 272 947
139 398 755
111 132 766
190 214 425
629 631 1010
152 864 1020
453 623 661
150 218 901
708 738 925
372 388 714
21 545 691
167 749 938
217 254 905
9 549 770
403 512 821
239 734 888
20 62 447
27 435 936
420 712 979
80 890 974
67 329 789
412 569 572
487 560 720
309 606 738
504 614 996
42 596 1011
234 582 612
191 366 510
177 646 979
148 335 352
146 493 980
105 867 879
430 532 703
414 611 974
296 437 646
51 419 875
43 610 1000
131 408 837
640 885 960
115 210 450
70 211 293
846 937 984
27 164 210
322 634 798
101 186 207
165 495 749
252 689 779
476 930 1001
25 41 52
345 393 451
353 758 970
762 785 892
264 548 677
361 379 797
230 235 561
254 400 994
54 634 878
269 742 790
229 388 888
205 411 538
28 172 959
442 744 939
422 604 640
72 178 1005
76 449 869
637 884 982
131 332 584
142 330 364
478 741 847
31 598 835
340 512 576
170 685 891
109 691 954
255 380 875
479 708 876
181 325 424
16 72 944
203 298 912
156 237 474
228 910 978
129 877 1021
602 711 962
80 134 193
49 129 736
213 413 685
4 73 147
154 186 793
347 635 940
124 228 899
64 500 818
60 566 817
31 117 989
141 181 580
20 562 718
229 285 295
318 621 921
401 532 837
40 724 920
512 622 657
69 347 573
119 274 676
110 191 202
115 457 1007
89 94 921
86 319 742
165 465 681
327 358 1013
570 578 681
52 251 454
172 344 669
204 513 1004
238 419 799
149 205 928
562 601 619
349 397 721
334 426 867
46 873 976
118 474 836
284 803 837
168 321 961
132 168 574
14 150 514
111 730 964
124 245 925
58 335 941
50 282 454
289 466 813
130 535 702
54 411 825
93 287 966
261 745 1007
248 525 594
8 497 761
499 519 991
15 405 926
542 871 955
461 794 968
109 525 996
257 368 945
152 719 772
640 798 827
278 527 648
543 615 742
387 615 693
305 380 734
12 579 824
639 672 869
162 705 902
679 684 719
282 595 827
63 156 762
161 373 458
144 460 922
379 414 947
718 907 913
21 136 575
372 696 860
49 323 739
261 740 963
100 319 927
324 793 935
33 350 586
10 111 293
112 401 431
128 257 635
205 261 613
165 486 731
134 172 889
29 429 679
439 652 1010
352 535 652
471 485 498
624 633 732
162 589 844
103 247 448
317 473 956
614 950 975
291 314 1013
28 64 971
156 292 849
27 578 919
294 461 882
197 203 472
43 990 998
325 355 877
52 451 942
712 807 949
39 213 523
96 477 721
342 416 839
312 366 509
739 892 893
12 886 962
370 434 507
163 852 985
186 211 962
560 718 914
32 419 1008
55 76 380
127 341 903
651 666 970
331 487 952
22 421 758
434 515 769
178 862 988
728 820 868
353 452 810
127 188 950
239 294 700
136 625 930
50 380 579
65 434 681
784 812 899
98 706 810
133 179 233
144 782 846
538 572 975
321 814 994
499 634 898
505 575 730
473 625 705
382 732 973
262 409 924
196 316 705
340 777 949
208 901 977
72 507 768
205 703 939
521 581 1006
65 530 583
265 659 781
370 720 984
577 622 705
273 537 969
312 530 950
163 366 839
45 217 270
55 664 792
3 139 721
138 158 508
29 110 852
658 815 897
351 827 977
340 797 916
11 811 881
105 477 938
233 596 689
393 411 667
173 722 982
211 252 1006
468 927 1019
175 568 866
302 484 819
519 805 865
200 625 999
315 747 929
326 621 755
256 376 698
642 945 994
28 526 983
263 268 321
232 478 875
146 910 946
121 390 817
513 588 741
91 526 760
319 478 992
65 486 631
55 593 657
204 251 768
73 81 347
155 583 967
386 782 1004
63 139 948
5 670 765
22 337 792
259 360 886
163 179 932
149 357 1003
700 719 778
656 761 910
431 432 971
45 475 863
94 319 644
230 338 546
770 846 919
708 799 832
265 471 868
91 398 473
362 809 930
125 687 699
23 550 724
208 605 623
240 252 758
291 745 1005
316 532 579
352 617 963
210 398 800
17 306 480
210 504 877
13 360 585
51 454 687
269 384 667
654 671 741
347 618 952
144 249 840
184 518 851
7 317 638
107 220 229
436 728 730
370 815 950
232 392 438
425 495 849
158 357 819
342 429 591
263 722 747
88 668 901
398 603 880
460 616 908
680 704 976
28 372 610
159 283 863
19 135 531
151 754 799
66 369 805
123 229 691
248 607 1014
53 175 381
8 158 757
270 686 935
132 608 729
134 189 276
102 590 964
14 88 778
284 724 806
46 182 877
384 551 578
110 934 966
285 632 745
18 538 966
57 479 1020
348 878 928
407 654 775
55 193 943
54 100 663
158 258 605
195 638 755
167 215 1018
255 479 910
307 565 959
219 431 631
557 695 1023
159 775 878
174 866 885
61 195 824
95 505 557
447 857 864
209 617 834
171 569 674
868 976 1010
372 518 744
362 399 850
104 192 582
63 640 727
529 586 796
97 300 865
491 654 769
87 584 601
124 353 446
824 867 915
139 357 908
48 85 409
112 184 438
345 444 817
329 546 988
603 604 836
522 955 995
191 667 753
108 375 987
17 514 921
209 315 393
98 208 600
233 690 905
76 122 377
642 789 1003
171 344 810
94 392 480
73 149 663
113 569 713
358 678 702
151 223 234
551 873 893
15 410 989
160 821 834
278 438 608
581 616 824
329 374 1000
320 588 881
506 664 692
61 281 467
244 268 405
143 367 765
282 369 470
63 254 947
622 697 854
184 531 798
149 440 511
58 275 680
284 751 859
891 971 994
78 168 464
269 306 503
4 83 643
36 75 375
25 98 150
87 402 456
542 748 830
481 657 821
66 830 832
236 587 634
579 591 897
375 659 747
379 623 807
194 382 782
193 388 865
38 95 965
12 307 316
365 576 973
311 395 691
533 643 776
75 468 737
10 40 544
667 690 797
430 573 890
146 393 522
297 389 468
21 475 911
214 856 909
97 251 329
358 513 606
59 313 674
553 709 833
501 752 920
170 395 722
45 160 295
249 925 969
413 621 751
39 329 814
231 271 983
616 721 780
166 389 985
450 655 830
213 428 549
74 467 1023
137 477 562
277 314 608
122 231 599
332 351 856
474 490 697
47 549 764
56 599 809
123 230 582
126 428 657
242 735 904
345 408 619
183 771 1004
133 247 802
451 827 882
80 182 831
2 256 501
467 805 999
21 155 439
296 892 986
193 242 644
26 64 937
470 889 957
75 183 567
199 564 877
552 636 959
240 670 799
658 818 862
221 460 760
509 563 821
18 161 740
84 483 860
629 778 798
706 833 854
214 446 627
395 506 649
70 471 640
247 492 493
434 543 864
364 606 876
247 459 567
44 150 306
13 354 763
120 579 638
16 680 733
62 639 672
614 677 897
330 573 735
35 68 742
103 267 416
302 323 923
574 886 956
495 672 981
25 458 572
58 555 851
148 595 894
613 638 833
102 251 1008
47 123 612
344 743 967
218 308 745
305 725 1016
19 539 825
463 791 1022
79 154 917
176 395 848
283 339 782
63 194 564
304 377 1016
302 339 838
266 759 900
144 512 869
448 466 585
201 871 887
55 122 222
337 345 660
605 963 985
382 423 777
274 620 687
309 764 967
423 540 894
53 650 820
18 218 628
15 445 519
508 644 939
490 822 857
529 589 590
182 453 565
756 971 1017
96 336 940
235 466 1011
481 780 868
32 67 780
301 781 838
142 199 615
278 359 962
316 662 802
89 549 706
710 865 1000
49 142 286
26 328 775
5 286 535
30 170 349
409 429 522
42 681 771
602 699 893
95 745 1015
317 695 906
22 331 355
27 390 825
534 804 913
65 437 992
153 222 717
118 258 932
182 344 443
407 859 978
723 765 843
392 599 864
30 652 701
77 125 823
89 488 662
259 696 734
264 515 989
131 346 548
81 123 793
585 714 977
466 641 863
168 503 698
385 436 576
521 805 888
154 728 841
312 549 863
204 387 974
414 736 769
289 643 858
86 626 642
157 361 488
3 238 884
236 755 851
116 259 997
802 887 981
31 37 616
313 537 777
463 510 628
48 709 792
106 337 997
85 397 726
102 400 497
290 701 716
451 820 824
474 589 879
261 815 997
93 383 840
198 300 308
83 737 899
729 737 984
132 353 654
366 968 1005
691 752 1000
489 542 751
682 773 830
262 575 733
12 243 600
222 580 925
420 538 620
68 265 842
376 386 515
121 534 818
97 387 939
560 823 973
30 214 736
1 217 958
754 767 933
275 294 648
517 736 817
11 273 885
132 526 936
373 404 669
546 811 873
129 424 826
70 286 462
603 751 806
130 750 945
242 735 762
13 365 742
325 647 735
32 230 403
386 845 1003
36 586 669
226 516 671
271 441 849
120 352 1014
903 917 1023
453 621 868
892 948 1011
653 695 756
97 537 597
465 628 955
341 781 1019
177 699 815
402 480 623
298 602 753
69 195 762
48 271 787
32 675 942
496 521 913
534 719 1002
154 415 442
268 521 664
522 796 873
222 563 913
59 126 470
378 473 926
4 112 872
312 350 618
701 709 820
297 400 628
12 595 995
391 541 880
24 449 612
137 399 797
59 70 834
119 763 838
383 536 981
166 288 697
176 519 896
355 678 1013
327 511 675
293 399 995
325 661 838
249 528 668
42 73 802
413 884 1017
163 711 733
163 293 743
38 187 912
143 441 674
44 101 570
77 145 699
15 524 670
28 375 789
131 366 375
188 220 587
17 216 965
23 368 410
57 507 633
240 422 539
38 67 102
163 335 813
35 108 853
42 710 770
370 464 602
384 696 736
42 107 711
91 746 802
155 252 645
255 432 769
127 499 642
500 502 718
410 627 946
273 362 559
318 488 571
34 36 454
252 260 559
603 609 748
108 806 914
203 359 764
99 281 330
299 447 452
664 912 1022
297 617 950
460 592 1012
697 800 916
8 51 712
85 195 584
328 418 551
45 331 542
291 338 911
45 114 117
291 511 645
412 843 893
302 338 731
59 92 606
44 800 945
630 653 704
32 291 981
181 833 993
536 822 944
88 215 997
216 333 892
70 113 801
428 708 890
127 299 934
154 349 840
240 456 689
174 611 931
260 264 597
39 336 903
277 285 782
468 665 734
169 514 717
245 371 945
4 118 705
138 208 601
16 559 591
294 331 1017
78 713 934
215 569 820
561 816 844
496 713 928
281 472 624
198 286 800
381 536 539
322 361 753
0 200 237
156 533 618
167 206 859
446 511 593
276 346 415
2 364 379
351 858 956
43 477 922
484 595 828
232 675 970
677 739 886
179 425 686
305 390 962
189 196 206
354 597 676
269 780 831
28 304 453
279 717 894
168 408 914
65 786 889
172 283 564
305 450 1005
411 482 738
152 187 341
104 128 671
149 752 982
62 709 812
225 372 380
169 554 775
175 228 861
513 535 923
186 484 490
161 538 920
297 719 840
179 273 343
636 661 774
69 124 738
627 665 842
0 502 703
212 264 705
334 438 766
298 572 860
57 362 897
0 536 756
370 755 970
20 187 878
287 421 922
310 441 545
0 41 707
207 700 990
22 333 682
90 431 919
554 785 898
207 668 694
175 192 473
375 858 938
165 307 611
341 461 571
287 331 686
162 323 817
309 740 868
90 412 704
698 843 900
173 648 999
412 677 791
257 633 692
52 646 908
68 266 418
357 593 699
86 535 574
203 655 873
367 460 954
218 716 754
30 224 548
130 672 957
748 761 790
79 295 944
318 402 483
266 298 906
623 647 963
198 640 713
465 528 692
120 318 673
91 183 944
201 215 512
202 234 262
609 899 902
180 534 803
554 605 675
2 397 565
116 501 969
177 426 748
317 379 842
459 729 878
145 403 875
37 221 744
472 573 844
119 681 727
800 845 862
7 173 367
22 612 759
8 273 914
795 1115 1946 1984 1989 1994
413 671 706 1071 1122 1803
86 188 380 1648 1951 2035
402 478 874 880 1417 1769
978 1091 1264 1591 1845 1934
229 753 869 1049 1453 1733
487 502 558 607 633 963
18 324 585 819 1486 2045
770 781 1311 1507 1905 2047
178 511 711 743 834 1192
147 418 863 1022 1341 1610
88 149 646 659 1423 1807
96 1324 1371 1605 1794 1849
15 438 682 1479 1674 1816
91 609 794 959 1300 1512
928 1065 1313 1571 1715 1871
139 231 522 1255 1676 1936
90 247 908 1477 1558 1875
10 597 824 1518 1662 1714
249 543 688 809 1501 1694
195 584 881 1195 1272 1991
773 901 1189 1334 1615 1650
661 1381 1454 1740 1996 2046
260 282 546 835 1470 1876
74 132 488 776 953 1851
336 625 927 1227 1593 1685
429 435 454 841 1653 1732
253 943 1196 1221 1359 1741
1239 1357 1438 1499 1872 1962
128 395 617 1134 1347 1419
1026 1178 1734 1750 1802 2019
277 596 958 1248 1270 1773
19 1376 1724 1818 1836 1917
347 618 949 1024 1087 1340
40 115 381 770 868 1894
104 602 643 686 1680 1881
177 1010 1046 1592 1820 1894
41 323 412 752 1773 2041
270 727 1145 1604 1867 1879
236 419 684 1366 1626 1929
411 764 888 977 1276 1610
630 689 973 994 1227 1994
64 1204 1736 1863 1882 1885
214 227 1140 1215 1362 1953
558 814 887 1673 1869 1915
748 1415 1461 1623 1908 1910
317 452 941 1071 1295 1514
112 326 698 1105 1638 1690
141 893 1094 1550 1776 1835
231 377 491 1262 1336 1731
139 209 736 791 1304 1389
59 89 268 1214 1480 1905
658 1097 1227 1287 1364 2012
232 936 983 1047 1506 1713
342 627 935 1235 1307 1523
341 1377 1416 1447 1522 1706
85 308 533 831 1108 1639
28 78 1139 1519 1877 1988
457 554 605 1303 1586 1686
400 511 1619 1843 1853 1914
5 281 321 393 688 1269
335 723 765 1160 1533 1578
130 209 243 1195 1677 1972
86 1329 1452 1542 1582 1699
138 404 476 1268 1357 1653
1048 1390 1408 1446 1743 1965
395 415 556 614 1503 1597
330 601 796 1199 1724 1879
465 531 752 1680 1797 2013
54 420 604 1278 1834 1982
123 1219 1668 1812 1853 1922
160 267 543 637 638 1023
664 1085 1145 1242 1255 1405
129 341 1264 1449 1566 1863
93 578 616 870 1088 1632
126 529 977 1592 1609 1655
806 1019 1041 1243 1377 1562
6 658 695 763 1751 1870
276 349 384 1107 1589 1938
6 145 513 1103 1696 2022
557 666 1015 1198 1261 1647
639 1027 1100 1113 1449 1756
39 582 960 990 1137 1173
657 850 914 1160 1591 1786
87 192 652 857 1175 1663
242 318 976 1550 1778 1906
852 948 951 1283 1767 2015
216 253 402 771 1546 1594
854 1111 1173 1495 1512 1920
708 773 1123 1282 1729 1752
367 490 902 980 1997 2007
382 843 1444 1467 1886 2029
7 35 462 798 838 1914
109 259 482 963 1308 1784
100 562 1045 1282 1462 1565
263 739 1002 1534 1604 1738
679 685 1080 1134 1367 1721
169 1017 1544 1617 1800 1828
284 373 545 1392 1560 1593
11 339 539 606 769 1899
786 847 1069 1129 1338 1523
505 675 887 1072 1223 1869
81 1010 1511 1689 1779 1879
252 496 851 1004 1353 1681
107 353 604 918 1541 1970
344 433 719 720 1210 1424
569 711 1037 1117 1126 1777
176 244 609 911 1487 1885
306 827 1117 1557 1881 1897
430 510 961 1084 1251 1316
65 103 216 1280 1419 1516
482 730 875 1181 1301 1341
32 930 1175 1342 1551 1845
14 234 594 652 1567 1922
135 150 768 957 995 1910
22 365 898 1073 1218 1281
253 472 501 532 1771 2036
68 468 725 1101 1270 1910
329 390 806 1296 1745 1934
414 999 1051 1279 1854 2043
50 968 1101 1675 1823 2028
4 235 762 944 1442 1799
240 297 823 1562 1635 1706
1 782 1504 1640 1690 1756
183 803 1267 1302 1547 1982
21 127 424 494 1469 1751
80 296 557 742 1641 1843
110 210 1378 1386 1889 1924
52 576 851 996 1343 1970
76 648 1058 1259 1262 1811
432 549 944 1306 1814 2020
508 1081 1216 1245 1755 1873
685 1181 1299 1509 1788 1808
358 396 405 467 1393 1645
224 830 896 1261 1346 1510
45 422 613 1026 1165 1501
313 672 1008 1073 1334 1388
40 275 287 1164 1633 1852
442 544 629 921 1418 1935
43 203 1180 1417 1452 1549
119 349 464 534 668 781
421 601 726 757 1045 1271
661 924 1147 1246 1726 1731
99 265 678 1080 1580 1868
26 1172 1331 1394 1484 1703
316 399 623 930 1870 2040
152 465 517 1209 1441 1613
410 590 640 677 1002 1264
389 756 904 910 1208 1687
585 1291 1457 1566 1585 1971
598 812 1186 1300 1593 1673
295 370 476 635 1502 1569
592 722 899 1184 1318 1969
22 157 204 219 1068 1744
186 1265 1696 1762 1839 1925
313 524 740 1450 1650 1887
359 908 1257 1329 1358 1947
38 643 876 1073 1095 1768
870 888 1418 1492 1507 1524
150 625 705 1032 1500 1531
384 690 1065 1157 1572 1623
357 1031 1146 1330 1662 1978
318 611 758 1326 1352 2005
1373 1414 1456 1865 1866 1880
188 256 329 371 1069 1221
665 918 1224 1284 1345 2002
73 374 815 1032 1629 1856
30 93 691 1190 1526 1948
296 1298 1299 1589 1759 1964
217 498 855 1053 1932 1974
51 301 734 1250 1622 1734
135 199 900 1168 1537 1564
572 670 1239 1288 1346 1966
7 13 167 1427 2009 2045
57 321 641 1098 1532 1927
1098 1102 1430 1506 1975 2000
288 631 760 785 1697 1857
280 1138 1139 1207 1831 2037
490 757 815 1079 1242 1383
699 1031 1393 1456 1957 1980
55 289 654 895 1140 2033
334 857 1151 1254 1271 1918
708 825 1514 1647 1719 1746
62 174 1179 1644 1655 2029
240 491 1120 1485 1551 1584
24 688 847 959 1059 1161
7 694 1223 1265 1374 1977
221 709 915 1867 1969 1991
348 411 659 677 1386 1874
134 309 892 928 1510 1959
279 336 340 1075 1157 1182
576 811 926 1206 1280 1556
427 715 1057 1074 1541 2000
451 743 1261 1522 1603 1652
76 458 875 1042 1602 1699
8 343 1525 1533 1834 1906
59 112 784 1086 1402 1959
110 762 899 904 1157 1361
170 196 566 1785 1943 2026
428 498 776 961 1656 1726
64 172 676 1009 1433 1946
113 129 673 713 1705 2030
19 342 654 1134 1280 2031
237 865 1256 1361 1898 2016
779 795 919 1289 1448 1764
449 837 1238 1291 1344 1406
345 429 589 1041 1948 1959
640 1066 1093 1223 1995 1999
136 1004 1404 1471 1560 1935
137 393 642 1019 1536 1559
157 686 1218 1221 1476 1478
97 348 427 1219 1374 1428
148 167 295 368 1129 1985
262 277 421 1263 1366 1631
544 606 1182 1616 1666 1802
153 871 1526 1920 1939 2030
36 63 117 667 1875 1921
235 506 935 1191 1415 1803
21 969 1186 1692 1714 2018
469 546 608 621 1109 1529
617 864 986 1067 1487 1874
12 28 161 586 1660 2041
672 1066 1706 1744 1795 1842
18 120 630 787 925 1569
48 166 211 310 656 2019
227 387 872 1011 1081 1973
284 486 559 612 941 1821
25 507 519 529 538 965
103 619 879 1258 1267 1975
584 846 1237 1273 1487 1504
174 1127 1233 1463 1640 1818
9 188 717 836 1627 1635
890 967 1068 1440 1490 1955
231 799 921 1393 1425 1561
425 613 764 1205 1569 2031
148 218 712 880 1233 1722
84 205 733 1060 1598 1770
423 804 912 1098 1257 1946
106 250 634 1014 1290 1769
173 477 775 1110 1194 1387
390 665 1472 1658 1878 1926
98 305 354 527 635 747
109 323 581 1642 1652 1815
234 782 786 879 1090 1794
258 419 580 889 1128 1579
242 386 909 1021 1302 1933
197 267 337 375 456 827
283 378 1353 1645 1669 1672
237 466 632 820 1310 1505
230 244 927 1484 1624 1862
72 268 472 524 890 1028
727 861 1287 1448 1617 1689
892 1225 1428 1472 1887 1895
20 55 493 692 853 868
481 1005 1048 1191 1234 1582
274 445 716 1252 1527 1888
165 502 610 832 1436 1648
405 632 766 1317 1343 2011
162 173 204 673 1524 1745
199 702 760 1455 1753 1771
74 696 964 1057 1895 1928
677 805 1309 1337 1344 1783
325 700 1018 1401 1793 2031
214 561 803 1044 1439 1494
978 1135 1231 1754 1928 1985
788 936 1152 1409 1466 1797
237 439 572 1702 2013 2024
447 449 558 694 860 1681
443 829 1116 1439 1579 1840
696 1044 1236 1481 1590 1961
299 833 943 1003 1415 1508
294 463 755 1627 1822 1835
321 446 771 1065 1107 1179
72 1412 1807 1892 1980 2047
388 545 891 1037 1279 1710
181 495 668 1130 1586 1805
89 194 399 1003 1510 1950
62 408 422 452 1634 1930
126 763 779 1320 1573 1727
359 406 509 626 707 1963
111 252 379 420 470 1066
138 409 491 1578 1899 1942
77 286 587 1304 1328 1581
226 284 732 1500 1698 1966
156 366 520 1297 1513 1587
453 559 1144 1273 1517 1930
353 926 1731 1733 1812 1943
12 30 909 1308 1992 2004
525 608 654 678 1127 1856
46 280 548 739 1305 1766
52 447 466 975 1119 1780
470 1356 1473 1909 1911 1917
683 862 883 1112 1149 1358
499 671 1219 1341 1860 1866
257 492 1360 1387 1805 1937
35 744 1076 1273 1623 2022
396 454 683 721 1213 1651
826 934 1614 1848 1902 1979
23 721 1256 1833 1987 2024
160 368 397 906 1900 1924
72 139 326 858 1544 1785
328 436 439 542 1012 1725
84 608 1431 1682 1701 1913
220 457 461 598 702 749
449 570 584 874 1700 1962
752 1150 1323 1693 1958 1967
234 793 1052 1477 1590 1673
273 348 1114 1528 1605 2002
123 283 849 1039 1692 1785
574 1094 1149 1202 1711 2006
71 142 865 1071 1114 1993
95 616 821 902 1121 1607
828 906 1369 1413 1763 1846
212 646 755 1117 1619 1774
840 884 1077 1123 1356 1634
27 163 674 722 1434 1559
220 266 1402 1474 1605 1728
130 653 1354 1486 1739 2038
592 848 1274 1893 2023 2028
429 926 1283 1338 1445 1462
111 307 314 434 900 1576
459 1076 1168 1298 1396 1439
272 563 577 636 1222 1945
565 650 1137 1336 1682 2005
265 602 729 1072 1124 1339
42 604 1254 1363 1817 1861
85 469 1072 1085 1113 1435
32 441 687 1146 1285 1859
292 440 552 1096 1732 1907
788 1199 1553 1575 1617 1626
595 793 1090 1246 1679 1899
539 1380 1740 1908 1937 2004
99 687 866 1097 1245 1636
74 617 968 1070 1921 1996
26 650 724 1054 1294 1986
200 290 458 1208 1303 1880
250 535 638 1153 1721 1929
290 339 392 1454 1707 1777
108 703 802 1463 1909 1913
225 496 742 916 1698 1701
991 997 1095 1249 1403 1422
305 845 1378 1830 1969 2003
167 812 893 1141 1368 1493
91 274 456 488 826 1980
271 358 1288 1564 1691 1746
125 626 1228 1552 1643 1707
180 498 706 1133 1755 1950
223 647 1266 1278 1449 1483
43 145 536 932 944 1520
444 982 1109 1293 1734 1925
170 616 793 1133 1340 1846
241 357 366 1421 1636 1952
95 1148 1208 1349 1475 1823
477 1121 1229 1385 1547 1788
83 175 489 515 1674 1960
238 246 384 1363 1740 1858
179 396 489 847 962 997
553 1011 1457 1492 1549 2014
59 464 657 1285 1568 1618
122 364 954 1016 1727 1898
61 409 446 628 1455 1479
107 333 404 1232 1768 1945
798 872 1468 1540 1892 1988
257 297 385 408 426 1139
724 825 1154 1246 1671 1951
144 281 425 1081 1606 1816
495 1206 1369 1414 1789 1873
319 583 802 1580 2017 2045
550 580 772 1115 1317 1876
191 403 618 950 1503 1581
16 1372 1410 1489 1883 1990
76 599 685 823 1151 1933
1167 1188 1335 1499 1539 1973
246 574 939 979 1330 1809
17 342 450 657 829 1575
1557 1592 1600 1872 1873 2001
292 451 745 1092 1436 1798
532 607 794 950 1562 1700
267 434 811 973 1035 1844
574 1232 1332 1601 1951 2038
1008 1252 1323 1377 1389 1973
2 183 417 700 1506 1944
521 780 1040 1400 1602 1709
311 482 651 808 1784 1855
412 1050 1074 1481 1515 1884
733 815 867 922 969 1760
479 867 937 1451 1798 1819
64 317 334 1322 1764 1800
142 448 653 1188 1237 1603
179 403 519 548 1614 1629
11 407 897 1442 1741 1958
22 445 471 496 658 1850
981 1094 1102 1490 1565 1749
620 1063 1228 1426 1559 1613
462 536 568 645 1092 1128
820 842 1607 1622 1667 1697
31 39 216 310 624 701
931 1047 1063 1293 1778 2035
749 909 1180 1467 1476 1496
156 412 964 1540 1852 1860
379 712 1164 1234 1779 1848
49 328 585 639 1275 1342
124 185 475 1594 1832 2023
325 485 751 1193 1818 2040
344 821 838 856 1089 1809
16 261 376 1104 1313 1579
34 105 269 735 913 940
247 842 857 893 1521 1747
161 611 1067 1216 1643 1964
52 419 1118 1401 1550 1735
156 680 701 1571 1876 1891
483 813 1238 1307 1426 1968
928 1108 1200 1912 2007 2010
140 269 305 1263 1625 1864
303 416 503 1212 1332 1765
356 541 844 1027 1839 1950
31 70 343 922 1368 1681
219 249 302 501 1056 1122
726 777 877 1167 1907 2013
175 177 570 1214 1290 1376
208 767 1045 1147 1197 1796
171 316 424 1166 1381 1992
363 436 636 1150 1241 1878
175 210 563 839 1709 1712
15 224 327 1147 1254 1811
371 718 1042 1182 1491 1957
235 587 656 862 1294 2037
643 907 952 983 989 1153
10 57 147 1631 1641 1923
435 550 745 1347 1493 1735
311 351 597 1077 1211 1612
1009 1101 1342 1460 1529 1997
106 385 503 737 1460 1888
113 141 228 315 1062 1074
346 985 1372 1382 1390 1670
132 292 487 946 1116 1196
0 136 381 575 1488 1760
182 215 521 999 1213 1743
940 1159 1490 1551 1573 1986
246 946 974 1153 1348 1650
180 223 667 929 1169 1585
63 300 512 1822 1868 1993
100 202 1003 1067 1240 1839
48 164 377 821 873 1746
114 215 444 613 1150 1552
225 409 868 967 1130 1715
17 349 1062 1547 1666 1949
143 547 862 1195 1535 1900
10 16 710 1043 1353 1704
28 171 629 1049 1243 1851
239 1015 1019 1218 1630 1967
624 830 1228 1364 1646 1781
77 225 838 1036 1385 1900
159 801 1185 1719 1825 1962
730 1042 1287 1304 1480 1894
437 572 575 697 1036 1046
34 282 427 629 1594 1926
440 551 637 695 896 1281
372 586 792 971 1330 1685
696 957 990 1112 1672 2039
4 1331 1497 1660 1903 2017
182 304 744 1315 1360 2003
276 277 507 528 710 1812
733 943 970 987 1695 1775
312 569 794 1022 1589 1883
116 206 682 1284 1829 2027
87 213 1305 1704 1722 1758
273 894 935 1578 1632 1649
154 346 1429 1609 1614 1931
69 148 477 577 641 822
554 713 731 1581 1654 1843
414 426 869 1350 1466 1668
514 843 913 1361 1942 2042
562 1354 1399 1467 1844 2000
750 992 1257 1296 1637 1782
43 435 480 947 1461 1615
183 612 662 726 756 1226
301 1116 1367 1424 1633 1953
213 388 1163 1247 1440 1445
551 791 948 1253 1519 1527
133 751 987 1477 1565 1832
143 229 290 1059 1596 1723
101 614 913 1049 1086 1968
153 619 942 1000 1663 2023
123 497 887 1431 1954 1977
398 562 998 1055 1174 1350
20 136 579 832 1345 1446
236 501 717 738 1201 1380
759 831 1029 1752 1768 1893
150 184 358 675 1141 1791
96 176 1079 1637 1717 1977
20 161 165 208 265 1545
261 356 978 1103 1132 1669
332 713 812 1013 1209 1669
77 111 151 168 888 1026
24 190 981 1224 1491 1684
232 397 540 1063 1837 1941
222 296 319 605 1311 1779
75 186 245 853 886 1350
194 718 898 1312 1397 1889
382 681 772 919 1268 1890
797 813 846 1621 1648 2036
287 698 704 814 1890 1984
400 697 1082 1144 1590 1759
71 293 633 1033 1203 1478
302 528 818 1105 1398 1534
299 548 767 1164 1577 1667
155 218 335 1372 1405 1877
375 671 1028 1107 1418 1716
98 591 623 680 1369 1661
108 442 499 593 1206 1775
783 936 1585 1859 1911 1949
189 1193 1249 1277 1703 2030
441 542 1289 1443 1618 1976
229 641 1096 1300 1558 1932
508 544 674 1382 1754 1798
645 693 771 965 984 1821
129 198 483 927 1137 1806
194 261 520 933 1485 1539
739 1020 1312 1432 1715 1857
339 543 566 652 732 988
314 725 1407 1761 1837 1840
523 1093 1555 1613 1735 1841
258 453 466 581 746 1366
360 716 836 974 1030 1871
70 269 490 849 1310 1316
71 842 1016 1438 1444 1808
500 580 953 955 1078 1320
85 202 335 914 1862 2027
168 509 597 808 1543 1718
44 114 351 910 1408 1413
476 493 705 1040 1501 1584
702 1033 1089 1211 1275 1474
192 527 683 1178 1608 1947
1014 1093 1742 1799 1838 2033
299 1306 1349 1733 1976 2015
5 47 1855 1919 1944 1989
426 979 1054 1412 1774 1828
663 1238 1395 1518 1796 1978
447 988 1040 1694 1878 1944
24 182 346 564 603 1712
198 958 964 998 1174 1850
365 866 1314 1595 1791 1908
118 484 524 566 1321 1670
354 473 530 810 816 1610
87 504 575 915 1189 1993
298 651 1050 1463 1553 1810
178 291 373 602 920 1173
33 937 951 1231 1755 2019
879 1192 1631 1638 1729 1763
356 434 480 740 1156 1470
254 899 937 1515 1570 1907
81 120 779 1020 1143 1657
41 311 402 874 929 1620
179 1016 1152 1974 1998 2034
95 107 695 737 890 1686
199 350 407 445 873 914
377 421 578 985 1530 1534
42 142 178 279 778 994
54 264 500 1892 1895 1936
571 703 814 1201 1375 1801
68 484 709 1064 1233 1940
62 1055 1171 1272 1292 1633
463 582 850 861 1661 1842
969 1082 1083 1656 1699 1966
538 603 788 1528 1719 2035
9 438 509 595 949 1269
187 833 903 1050 1655 1672
144 442 751 923 1149 1430
29 327 1200 1537 1567 1939
51 516 817 1028 1286 1869
369 405 463 931 1893 2003
692 1171 1200 1395 1685 1987
221 479 1278 1612 1679 2042
556 668 791 1299 1683 2015
203 487 1004 1334 1398 1793
137 786 934 1249 1606 1760
561 741 750 994 1035 1411
317 747 877 1286 1359 1515
13 1324 1389 1474 1599 1675
448 516 819 997 1271 1795
141 376 502 1133 1407 1574
63 686 991 1205 1541 1640
94 254 432 1037 1408 1450
283 638 1078 1245 1546 1906
323 368 972 1479 1704 1757
125 785 845 1340 1543 1820
2 387 1057 1135 1598 1874
318 380 612 1006 1443 1576
288 852 884 1352 1718 1782
128 223 858 1053 1511 1718
121 1012 1177 1493 1599 1936
241 347 599 666 932 1903
169 372 742 1447 1949 2014
34 169 383 693 841 1310
289 956 1328 1687 1849 1954
431 976 1062 1163 1204 1425
67 387 953 1828 1928 1960
173 248 391 394 398 1248
256 759 901 1635 1639 1749
45 67 1124 1143 1560 1794
692 829 864 1292 1546 1935
352 370 1260 1737 1833 1883
79 362 1496 1554 1813 1896
539 620 736 1160 1241 1554
1 403 1471 1524 1708 2034
57 762 1202 1618 1671 1914
131 841 972 1111 1143 1505
101 765 1136 1509 1573 1634
56 453 621 801 1896 2032
222 634 810 1140 1215 1499
272 659 1159 1212 1927 2002
137 640 1205 1690 1851 2046
93 423 594 998 1344 1688
443 473 552 1203 1355 1678
278 340 802 1321 1322 1726
525 945 1497 1574 1628 1773
386 753 934 1475 1536 1902
830 852 1001 1483 1846 1947
332 503 551 990 1292 1643
29 484 536 618 1710 1796
796 836 1274 1435 1625 1825
149 537 1047 1277 1411 1583
206 1185 1471 1601 1832 2025
526 567 839 1165 1351 1942
84 112 647 1388 1399 1433
92 155 386 454 827 1767
208 383 942 1666 1891 1983
26 729 1714 1775 1829 1848
117 448 816 871 1183 1664
118 181 500 1070 1121 1916
255 481 882 1183 1446 1529
243 564 824 1014 1068 1517
730 773 789 1351 1877 2011
595 660 1222 1235 1397 1598
535 583 961 1155 1266 1343
88 98 206 1142 1657 1981
159 866 880 889 896 1244
783 1018 1486 1525 1675 1688
81 689 892 987 1325 1677
1217 1241 1319 1542 1668 2026
23 56 446 525 1043 1758
69 891 1437 1563 1767 1889
116 424 923 1591 1608 1766
774 924 1079 1462 1652 1716
75 362 622 1021 1887 1911
599 772 1085 1207 1213 2012
301 471 649 684 1817 2025
266 774 973 1320 1805 2009
88 119 205 218 380 1667
39 193 494 855 1000 1713
119 207 413 492 670 1379
224 245 687 1348 1349 1750
478 828 962 1174 1827 1916
1091 1126 1482 1521 1545 1788
215 844 959 1044 1630 2016
278 492 497 529 1012 1459
164 596 1277 1447 1596 1641
516 628 820 1102 1420 1659
50 563 573 1120 1409 1600
108 172 263 307 338 1707
615 693 719 1185 1861 1981
343 404 614 1038 1728 1752
45 542 787 1010 1523 1566
330 397 1416 1577 1840 1901
534 837 1058 1169 1931 1983
97 758 939 1007 1176 1379
565 761 1426 1481 1556 1611
126 259 309 1495 1862 1999
642 724 754 1288 1809 1820
56 483 586 1453 1658 1871
747 918 1109 1482 1821 1970
975 1022 1325 1677 1684 2020
168 202 399 939 995 2028
3 443 517 1537 1619 1868
763 1001 1836 1859 1955 2034
423 508 588 648 1279 1960
394 992 1231 1678 1956 2010
239 262 297 925 1568 1858
152 560 1144 1177 1327 1347
360 417 1030 1498 1586 1676
1162 1284 1286 1390 1736 2043
134 209 813 1103 1792 1996
340 520 523 530 723 984
493 790 843 897 925 1327
219 258 260 320 1250 1263
320 662 1113 1508 1957 2004
221 670 1115 1469 1480 1710
15 97 201 437 714 721
716 885 960 1225 1425 1926
162 461 573 624 1561 1611
353 1189 1251 1504 1607 1790
49 203 710 1577 2011 2027
46 413 567 639 653 1322
0 621 758 952 1176 1999
12 637 800 1530 1739 1827
86 390 522 1335 1753 1884
90 769 1583 1637 1856 1904
255 288 479 1436 1759 2008
140 1469 1737 1831 1870 2014
354 455 531 1387 1458 1995
197 676 895 1750 1780 1847
233 745 787 950 1306 1568
665 756 1006 1211 1406 1984
33 407 1162 1498 1916 2007
1326 1399 1402 1411 1934 1985
80 230 428 1392 1665 1729
58 186 472 537 807 1994
805 960 1187 1253 1465 1923
79 171 1620 1776 1847 1972
900 972 1051 1125 1730 1882
364 465 1148 1260 1865 1885
515 754 962 1197 1365 1905
425 1088 1567 1938 1941 2026
250 470 951 1043 1188 1757
122 422 748 989 1024 1032
89 398 406 681 1780 2018
131 248 514 1744 1932 1963
552 840 1272 1333 1375 1890
146 1318 1327 1458 1838 1979
30 193 905 1118 1201 1410
467 822 1293 1367 1417 1628
79 605 633 1427 1494 1622
18 65 885 1083 1114 1748
51 58 822 1276 1470 1513
82 190 316 749 1013 1693
334 415 940 1159 1178 1778
282 337 565 835 1542 2043
0 609 1034 1384 1488 1762
383 712 882 1509 1787 2039
264 728 770 1301 1398 1488
60 406 561 675 1345 1913
593 662 797 988 1351 1400
389 523 881 1676 1793 1865
238 915 1194 1323 1753 1931
878 911 1642 1679 1815 1817
631 1262 1765 1802 1806 1884
109 333 471 1609 1786 1787
410 441 1187 1202 1968 1982
376 1124 1142 1336 1370 1956
110 144 240 1337 1662 2006
239 833 1029 1247 1443 1482
308 1236 1283 1321 1680 1816
285 352 746 1095 1691 1866
92 545 1141 1240 1539 2041
1083 1309 1473 1517 1692 1738
91 304 408 513 666 1886
6 474 1046 1434 1494 1600
510 999 1595 1896 2021 2037
656 663 766 1172 1190 1224
127 391 571 761 917 1814
461 593 1587 1625 1791 1813
271 324 885 1621 1790 1971
312 684 707 1556 1833 1945
361 401 878 1502 1804 2018
60 1180 1435 1525 1770 1990
99 308 782 1720 1827 1989
115 628 826 853 1168 1507
70 974 991 1229 1381 1472
286 392 517 555 1702 2046
37 848 871 1018 1444 1660
331 996 1092 1311 1459 2021
329 535 1230 1329 1815 1834
36 513 800 1001 1674 1854
418 681 798 1638 1711 1898
3 610 945 1453 1580 1748
185 436 775 954 1181 1986
519 646 804 883 1060 1804
105 459 778 1163 1405 1448
947 993 1382 1545 1765 1888
850 1080 1170 1192 1464 1882
259 338 610 938 1644 1736
151 714 916 1069 1166 1318
394 581 722 804 863 1792
102 104 260 344 540 1981
285 367 1521 1531 1732 1974
66 322 374 522 634 1608
381 631 1088 1403 1709 1774
174 734 963 1458 1512 1664
96 118 256 298 1056 1225
163 315 1628 1723 1724 1961
314 512 573 1409 1725 1830
140 1394 1451 1602 1698 1930
146 255 506 606 644 1119
25 799 921 1154 1172 1391
132 825 1156 1176 1230 1998
36 146 222 236 589 1965
58 121 190 642 647 1835
106 473 576 579 958 979
293 1152 1154 1199 1563 1872
82 729 984 1106 1236 2021
38 673 942 952 1695 2010
1023 1075 1138 1416 1454 1776
198 309 884 1265 1339 1756
9 35 212 310 777 1315
125 304 365 518 834 1039
184 361 766 898 1543 1841
583 971 1232 1422 1611 1852
715 809 1222 1319 1584 1664
807 966 1290 1465 1502 1658
351 1476 1904 1915 1943 2044
327 895 929 976 1089 1922
152 1645 1728 1772 1863 1886
90 388 534 848 1297 2033
467 512 648 679 933 1742
355 428 1432 1503 1649 1761
699 1025 1171 1513 1813 1897
350 655 923 1008 1365 1601
14 303 352 541 1005 1105
451 541 607 736 1468 1639
294 333 410 1385 1392 1564
233 902 922 1161 1423 1810
120 306 326 547 1391 1972
1 528 533 1006 1305 1880
176 601 728 800 1396 1626
113 697 1420 1489 1783 1831
291 332 691 769 1138 1940
331 1269 1442 1552 1806 2005
655 941 1158 1268 1659 1799
210 257 510 699 1431 1492
274 1384 1713 1781 1847 1939
784 1009 1193 1572 1596 1661
271 538 557 775 1717 1919
11 400 452 1090 1751 1801
401 1324 1533 1548 1574 1781
114 217 1082 1307 1694 1741
151 312 549 559 878 1811
21 363 1319 1328 1421 1646
704 810 818 1015 1167 1954
37 331 740 764 854 1048
345 661 1595 1597 1630 1792
13 226 276 1170 1647 1961
298 801 1011 1064 1465 1597
651 970 1620 1665 1688 1918
40 191 460 1536 1572 1853
187 193 211 456 1027 1248
315 711 806 965 1296 1554
817 886 1100 1216 1275 1297
268 1108 1701 1725 1854 1861
49 61 945 1052 1368 1414
191 243 1484 1784 1925 1979
122 145 864 1021 1024 1762
102 533 882 1797 1983 2038
103 738 811 1748 1912 2008
214 678 732 1352 1940 2042
411 797 917 967 1819 2044
385 731 1100 1220 1394 1464
187 715 817 930 1060 1247
101 127 294 1013 1155 1697
46 560 912 1358 1491 1822
158 322 416 785 828 1540
37 555 1076 1485 1686 1770
328 414 571 795 1373 1419
623 823 983 1061 1104 1881
320 437 1031 1084 1583 1665
53 211 363 511 667 1110
135 289 790 904 1616 1636
393 540 680 1077 1535 1717
19 611 1007 1766 1952 2001
133 768 903 1587 1747 1948
47 300 372 1335 1663 1987
75 286 669 1084 1086 1975
66 275 767 1383 1659 2044
29 515 1461 1500 1758 1763
518 1023 1184 1535 1670 1749
196 949 1432 1544 1603 1730
201 844 1123 1131 1430 1532
189 357 720 1210 1294 1548
1384 1466 1538 1723 1825 2006
703 901 1075 1243 1325 1703
47 350 415 547 707 1158
432 455 458 1151 1314 1705
102 468 550 757 908 1845
341 1295 1570 1810 1841 2016
94 227 389 518 966 993
549 1165 1214 1252 1440 2040
4 197 649 682 1253 1671
996 1259 1363 1478 1514 1656
933 1235 1520 1531 1991 2039
38 155 708 855 1210 1782
378 644 1056 1112 1496 1850
8 626 957 1158 1423 1576
505 807 968 1038 1360 1646
244 281 347 706 1118 1132
360 468 587 1244 1769 1864
25 307 619 1217 1532 1807
870 938 1371 1455 1683 1956
44 226 266 872 1705 1772
499 903 1038 1194 1237 1761
632 1036 1145 1346 1654 1965
42 293 625 1198 1612 1923
635 664 750 912 1250 1588
23 1230 1370 1651 1826 1921
53 1175 1370 1570 1737 1912
138 776 1099 1687 1712 1963
17 553 674 980 1127 1156
233 395 622 649 1034 1857
876 907 1420 1599 1678 1988
433 486 701 1155 1397 1998
455 1099 1267 1391 1786 2032
212 382 489 753 1702 2008
217 834 931 1186 1404 1495
475 705 835 971 1326 2032
68 392 1017 1378 1824 1929
133 270 278 660 1125 1642
32 164 956 975 1191 1561
8 579 986 1135 1739 2024
330 433 977 1091 1130 1333
251 851 865 1497 1549 2012
80 124 744 873 955 1616
578 1119 1258 1441 1459 1527
230 375 789 1110 1615 1909
460 727 759 1256 1867 1901
153 262 1333 1742 1837 1842
450 981 1375 1897 1964 2047
325 598 660 818 1087 1548
158 185 247 504 1422 1904
116 201 213 251 1696 1824
364 369 506 600 808 1106
207 291 417 1359 1464 1997
163 755 920 1276 1621 1978
369 655 932 1274 1282 1558
832 875 905 1331 1953 1992
279 588 777 1054 1682 1976
50 66 300 485 1033 1401
577 947 1187 1302 1624 1795
105 856 861 993 1313 1844
200 676 982 1129 1338 1429
196 734 1126 1291 1520 1941
54 61 177 690 840 1434
27 205 480 1226 1388 1468
3 154 644 717 911 1927
494 600 876 1007 1456 1745
469 556 615 897 1078 1804
481 849 1122 1516 1924 1938
189 272 1002 1162 1339 1508
157 184 982 1131 1196 1808
249 507 780 816 1220 1653
345 664 992 1190 1424 2001
669 789 1240 1406 1716 1800
162 373 553 591 1266 1721
378 526 689 698 1017 1303
232 362 431 859 1364 1836
504 526 709 790 792 1522
69 200 1255 1919 2022 2029
603 1317 1437 1814 1915 1933
303 809 1132 1148 1441 1891
31 956 1087 1179 1332 1582
367 694 1058 1170 1452 1826
115 530 537 1169 1365 1403
938 1355 1386 1413 1489 1902
166 263 430 531 672 860
33 280 474 920 1380 1483
94 361 401 754 985 1120
158 486 589 780 1251 2017
370 748 1096 1314 1555 1829
73 831 986 1354 1683 1952
195 590 679 948 1654 2020
313 560 719 1064 1125 1803
104 774 869 1239 1528 1657
143 273 355 457 1000 1217
228 379 630 718 946 1298
905 1260 1371 1374 1727 1958
596 1136 1337 1475 1708 2025
459 723 907 1166 1301 1511
207 439 704 1025 1604 1875
627 783 799 1308 1516 1518
195 859 1030 1450 1691 1711
41 464 1136 1177 1315 1789
128 438 514 1412 1624 2036
460 761 1229 1379 1955 1990
287 1131 1357 1460 1588 1720
5 324 497 627 886 1029
131 555 792 1400 1606 1801
220 431 564 1198 1212 1764
254 270 741 796 1355 1395
725 824 995 1295 1498 1538
60 741 743 1404 1421 1757
67 154 242 251 1258 1747
78 166 1128 1161 1197 1207
53 73 83 285 591 1209
65 495 1684 1772 1855 1917
620 1005 1061 1244 1427 1971
48 204 1041 1142 1438 1627
691 768 917 1220 1410 1787
338 837 980 1373 1629 1708
245 359 478 554 846 1651
55 645 906 970 1099 1557
27 165 588 735 1383 1553
160 228 738 1270 1571 1754
14 374 720 859 1362 1995
78 714 737 819 863 1312
100 366 690 1035 1445 1743
149 192 567 765 867 1918
894 910 1234 1396 1437 1588
570 590 889 1555 1849 1860
568 781 1052 1053 1203 1316
180 839 1771 1777 1783 1920
2 82 592 728 894 1362
746 1025 1039 1433 1649 2009
83 803 1215 1575 1730 1790
275 336 355 663 1070 1226
306 569 582 924 1051 1838
44 92 295 1457 1563 1819
319 600 854 1289 1451 1644
731 989 1242 1473 1789 1967
181 450 1020 1111 1407 1428
238 391 527 916 1281 1309
337 700 883 1061 1376 1689
475 636 805 856 881 1146
444 546 966 1183 1348 1538
130 159 1104 1204 1722 1826
170 430 474 594 845 1903
302 416 760 1285 1356 1858
147 420 440 650 1505 1823
172 669 891 1097 1106 1738
622 778 860 919 1693 1700
264 371 462 1720 1864 1937
241 322 488 532 615 1526
248 521 784 858 1429 1830
418 505 735 1055 1184 1519
124 134 252 485 954 1259
117 568 877 1034 1695 1901
121 955 1059 1530 1632 1824
