256 128
67 81 103
30 94 118
4 34 44
67 93 96
27 72 101
1 5 107
1 106 125
17 53 111
65 113 122
79 80 116
57 64 126
28 67 95
29 65 120
1 55 101
11 47 55
34 121 124
4 10 73
11 23 72
23 42 55
6 81 114
14 42 88
24 111 120
3 72 104
74 88 106
15 100 113
11 78 106
44 82 86
15 35 123
43 81 125
13 77 106
41 108 127
93 99 104
86 87 95
9 25 42
26 74 82
39 45 61
19 46 78
59 73 80
78 103 122
30 44 90
7 15 117
14 18 101
1 57 74
33 53 55
12 100 113
4 58 73
30 45 89
16 46 107
10 37 98
29 84 86
12 76 92
22 75 122
40 101 102
22 54 105
4 27 45
43 54 91
18 34 84
94 107 112
6 53 62
68 89 100
49 58 96
47 96 104
16 20 41
33 37 106
8 52 77
10 102 104
96 98 127
65 74 120
17 85 88
66 73 118
41 66 85
9 31 74
14 53 69
1 66 82
6 36 77
70 95 125
71 86 124
35 41 102
21 31 116
37 114 123
8 21 46
36 50 78
21 32 119
26 50 69
17 35 50
38 43 70
52 69 99
33 40 103
18 64 102
71 96 123
18 20 55
2 51 59
41 62 114
38 57 67
39 50 70
22 26 51
57 61 92
20 112 116
16 66 105
18 67 114
93 94 98
32 99 105
27 80 82
8 13 29
20 94 97
6 25 65
18 66 99
44 63 83
24 51 93
13 84 122
9 91 112
48 63 108
54 91 101
20 31 43
14 53 56
4 85 104
37 62 119
39 74 99
12 58 103
70 72 110
15 43 126
38 60 109
30 34 79
41 64 113
3 13 39
29 109 117
70 100 103
26 60 126
63 80 127
7 42 92
51 88 118
0 83 87
14 48 52
34 54 85
39 45 116
36 52 65
6 75 124
0 3 80
60 72 100
23 109 119
31 77 87
7 25 67
13 37 79
0 21 60
47 69 114
35 49 68
32 61 75
8 91 93
47 69 86
45 64 65
5 36 37
40 105 112
44 59 82
46 83 108
8 52 89
0 82 126
2 12 19
12 16 38
17 32 124
13 21 102
48 97 117
9 25 70
56 86 119
28 40 108
60 76 122
11 45 49
59 83 125
28 35 123
20 27 126
3 33 105
50 52 72
5 46 98
29 32 76
61 95 120
29 105 111
19 92 123
24 80 109
50 62 121
30 94 96
56 57 113
2 23 84
10 23 56
62 87 112
68 98 121
2 95 102
15 44 108
6 25 91
33 75 106
17 58 117
75 91 125
42 54 61
90 97 121
15 85 118
5 48 49
21 31 81
58 62 71
34 76 110
16 107 110
66 69 97
28 118 122
94 99 101
64 68 119
24 84 97
0 22 23
43 49 100
19 111 115
28 81 89
3 71 92
8 49 124
57 92 107
14 42 121
10 17 38
38 78 116
63 90 114
12 60 124
79 121 123
40 104 117
16 26 103
4 5 63
59 107 120
25 77 93
30 61 63
32 108 109
7 68 125
7 77 113
53 56 110
28 75 119
47 90 110
64 71 87
0 48 115
11 78 115
48 98 109
1 83 118
46 84 89
40 59 111
58 79 85
2 81 120
2 10 71
19 26 27
24 73 76
5 110 115
31 112 127
73 126 127
9 19 89
33 36 54
22 27 116
55 76 117
9 68 83
35 47 51
88 90 97
11 111 115
24 87 95
7 56 115
3 22 36
51 79 88
39 90 127
131 137 143 155 203 229
5 6 13 42 73 232
91 156 180 184 236 237
22 124 137 169 207 253
2 16 45 54 115 218
5 150 171 193 218 240
19 58 74 105 136 186
40 129 141 223 224 252
64 80 103 147 154 208
33 71 110 161 243 247
16 48 65 181 211 237
14 17 25 165 230 250
44 50 118 156 157 214
29 103 109 124 142 159
20 41 72 114 132 210
24 27 40 120 185 192
47 62 98 157 197 217
7 68 84 158 188 211
41 56 88 90 99 106
36 156 175 205 238 243
62 90 97 104 113 168
78 80 82 143 159 194
51 53 95 203 245 253
17 18 139 180 181 203
21 108 176 202 239 251
33 105 141 161 186 220
34 83 95 127 217 238
4 54 102 168 238 245
11 163 167 199 206 226
12 49 103 125 172 174
1 39 46 122 178 221
71 78 113 140 194 241
82 101 146 158 172 222
43 63 87 169 187 244
2 15 56 122 133 196
27 77 84 145 167 248
74 81 135 150 244 253
48 63 79 116 142 150
85 93 121 157 211 212
35 94 117 124 134 255
52 87 151 163 216 234
30 62 70 77 92 123
18 20 33 129 190 210
28 55 85 113 120 204
2 26 39 107 152 185
35 46 54 134 149 165
36 47 80 153 171 233
14 61 144 148 227 248
111 132 160 193 229 231
60 145 165 193 204 208
81 83 84 94 170 177
91 95 108 130 248 254
64 86 132 135 154 170
7 43 58 72 114 225
53 55 112 133 190 244
13 14 18 43 90 246
114 162 179 181 225 252
10 42 93 96 179 209
45 60 118 188 195 235
37 91 152 166 219 234
121 127 138 143 164 214
35 96 146 173 190 221
58 92 116 177 182 195
107 111 128 213 218 221
10 88 123 149 201 228
8 12 67 105 135 149
69 70 73 98 106 198
0 3 11 93 99 141
59 145 183 201 223 247
72 83 86 144 148 198
75 85 94 119 126 161
76 89 195 207 228 237
4 17 22 119 138 170
16 37 45 69 239 242
23 34 42 67 71 117
51 136 146 187 189 226
50 164 172 196 239 246
29 64 74 140 220 224
25 36 38 81 212 230
9 122 142 215 235 254
9 37 102 128 137 176
0 19 28 194 206 236
26 34 73 102 152 155
107 131 153 166 232 247
49 56 109 180 202 233
68 70 115 133 192 235
26 32 49 76 148 162
32 131 140 182 228 251
20 23 68 130 249 254
46 59 154 206 233 243
39 191 213 227 249 255
55 110 112 147 186 189
50 96 129 175 207 209
3 31 100 108 147 220
1 57 100 104 178 200
11 32 75 173 184 251
3 60 61 66 89 178
104 160 191 198 202 249
48 66 100 171 183 231
31 86 101 106 117 200
24 44 59 126 138 204
4 13 41 52 112 200
52 65 77 88 159 184
0 38 87 118 126 217
22 31 61 65 115 216
53 98 101 151 169 174
6 23 25 29 63 187
5 47 57 197 209 219
30 111 153 163 185 222
121 125 139 176 222 231
119 196 197 225 227 240
7 21 174 205 234 250
57 97 110 151 182 241
8 24 44 123 179 224
19 79 92 99 144 213
205 229 230 240 250 252
9 78 97 134 212 245
40 125 160 188 216 246
1 69 130 192 199 232
82 116 139 162 201 226
12 21 67 173 219 236
15 177 183 191 210 215
8 38 51 109 164 199
27 79 89 167 175 215
15 76 136 158 208 214
6 28 75 166 189 223
10 120 127 155 168 242
30 66 128 241 242 255
