512 224
0 6 23 50 74 78
1 7 19 24 51 75 79
2 8 25 52 76 80
3 9 20 26 51 53 77 81 
10 21 27 52 54 78 
4 11 22 28 53 55 79 82 
5 12 23 29 54 56 80 83 
6 13 24 30 55 57 81 84 
7 14 25 31 56 58 85 
8 15 26 32 57 59 82 86 
9 16 27 33 58 60 83 87 
10 28 34 59 61 84 88 
11 17 29 35 60 62 85 89 
12 18 30 36 61 63 86 90 
13 31 37 62 64 87 91 
14 19 32 63 65 88 92 
15 33 38 64 89 93 
16 20 34 39 65 90 94 
21 35 40 66 91 95 
17 22 36 41 67 92 96 
18 23 37 66 68 93 97 
24 42 67 69 94 98 
19 25 38 43 68 70 95 
26 39 44 69 71 96 99 
20 27 40 70 72 97 100 
21 28 41 71 73 98 
22 29 45 72 74 101 
23 30 42 46 73 75 99 102 
24 31 43 47 74 76 100 103 
25 32 44 48 75 77 104 
26 33 49 76 78 101 105 
27 34 50 77 79 102 
28 35 45 78 80 103 106 
29 36 46 79 81 104 107 
30 37 47 51 80 105 108 
31 48 52 81 82 109 
32 38 49 53 83 106 110 
33 39 50 54 82 84 107 111 
0 34 40 55 83 85 108 
1 35 41 56 84 86 109 
2 36 51 57 85 87 110 
3 37 42 52 58 86 88 111 
0 43 53 59 87 89 
1 4 38 44 54 60 88 90 
2 5 39 55 61 89 91 
3 6 40 56 62 90 92 
7 41 45 57 63 91 93 
4 8 46 58 64 92 94 
5 9 42 47 59 65 93 95 
6 10 43 48 60 94 96 
7 11 44 49 61 95 97 
8 12 50 62 66 96 98 
9 13 63 67 97 
10 14 45 64 68 98 99 
11 15 46 51 65 69 100 
12 16 47 52 70 99 
13 48 53 71 100 101 
14 17 49 54 66 72 102 
15 18 50 55 67 73 101 103 
16 56 68 74 102 104 
19 57 69 75 103 105 
17 51 58 70 76 104 
18 20 52 59 71 77 105 106 
21 53 60 72 78 107 
19 22 54 61 73 79 106 108 
23 55 62 74 80 107 109 
20 24 56 63 75 81 108 110 
21 25 57 64 76 109 111 
0 22 26 58 65 77 82 110 
1 23 27 59 78 83 111 
0 2 24 28 60 79 84 
1 3 25 29 61 66 80 85 
2 26 30 62 67 81 86 
3 4 27 31 63 68 87 
5 28 32 64 69 82 88 
4 6 29 33 65 70 83 89 
5 7 30 34 71 84 90 
6 8 31 35 72 85 91 
7 9 32 36 66 73 86 92 
8 10 33 37 67 74 87 93 
9 11 34 68 75 88 94 
10 12 35 38 69 76 89 95 
11 13 36 39 70 77 90 96 
12 14 37 40 71 78 91 97 
13 15 41 72 79 92 98 
14 16 38 73 80 93 
15 39 42 74 81 94 99 
16 17 40 43 75 95 100 
18 41 44 76 82 96 
17 77 83 97 101 
18 19 42 78 84 98 102 
43 45 79 85 103 
19 20 44 46 80 86 99 104 
21 47 81 87 100 105 
20 22 48 88 
21 23 45 49 82 89 101 106 
22 24 46 50 83 90 102 107 
23 25 47 84 91 103 108 
24 26 48 85 92 104 109 
25 27 49 51 86 93 105 110 
26 28 50 52 87 94 111 
0 27 29 53 88 95 106 
1 28 30 54 89 96 107 
2 29 31 51 55 90 97 108 
3 30 32 52 56 91 98 109 
31 33 53 57 92 110 
4 32 34 54 58 93 99 111 
0 5 33 35 55 59 94 100 
1 6 34 36 56 60 95 
2 7 35 37 57 61 96 101 
3 8 36 58 62 97 102 
9 37 38 59 63 98 103 
4 10 39 60 64 104 
5 11 38 40 61 65 99 105 
6 12 39 41 62 100 
7 13 40 63 106 
8 14 41 42 64 66 101 107 
9 15 43 65 67 102 108 
10 16 42 44 68 103 109 
11 43 69 104 110 
12 17 44 66 70 105 111 
0 13 18 45 67 71 
1 14 46 68 72 106 
2 15 19 45 47 69 73 107 
3 16 46 48 70 74 108 
20 47 49 71 75 109 
4 17 21 48 50 72 76 110 
5 18 22 49 73 77 111 
0 34 58 60 88 94 
1 35 38 59 61 89 95 106 
2 36 39 60 62 90 96 107 
3 37 40 61 63 91 97 108 
41 62 64 92 98 109 
4 38 63 65 93 110 
5 39 42 64 94 99 111 
0 6 40 43 65 95 100 
1 7 41 44 66 96 
2 8 67 97 101 
3 9 42 66 68 98 102 
10 43 45 67 69 103 
4 11 44 46 68 70 99 104 
5 12 47 69 71 100 105 
6 13 48 70 72 
7 14 45 49 71 73 101 106 
8 15 46 50 72 74 102 107 
9 16 47 73 75 103 108 
10 48 74 76 104 109 
11 17 49 51 75 77 105 110 
12 18 50 52 76 78 111 
0 13 53 77 79 106 
1 14 19 54 78 80 107 
2 15 51 55 79 81 108 
3 16 20 52 56 80 109 
21 53 57 81 82 110 
4 17 22 54 58 83 111 
0 5 18 23 55 59 82 84 
1 6 24 56 60 83 85 
2 7 19 25 57 61 84 86 
3 8 26 58 62 85 87 
9 20 27 59 63 86 88 
4 10 21 28 60 64 87 89 
5 11 22 29 61 65 88 90 
6 12 23 30 62 89 91 
7 13 24 31 63 90 92 
8 14 25 32 64 66 91 93 
9 15 26 33 65 67 92 94 
10 16 27 34 68 93 95 
11 28 35 69 94 96 
12 17 29 36 66 70 95 97 
13 18 30 37 67 71 96 98 
14 31 68 72 97 
15 19 32 38 69 73 98 99 
16 33 39 70 74 100 
20 34 40 71 75 99 
17 21 35 41 72 76 100 101 
18 22 36 73 77 102 
23 37 42 74 78 101 103 
19 24 43 75 79 102 104 
25 38 44 76 80 103 105 
20 26 39 77 81 104 
21 27 40 78 105 106 
22 28 41 45 79 82 107 
23 29 46 80 83 106 108 
24 30 42 47 81 84 107 109 
25 31 43 48 85 108 110 
26 32 44 49 82 86 109 111 
0 27 33 50 83 87 110 
1 28 34 84 88 111 
0 2 29 35 45 85 89 
1 3 30 36 46 51 86 90 
2 31 37 47 52 87 91 
3 4 32 48 53 88 92 
5 33 38 49 54 89 93 
4 6 34 39 50 55 90 94 
5 7 35 40 56 91 95 
6 8 36 41 57 92 96 
7 9 37 51 58 93 97 
8 10 42 52 59 94 98 
9 11 38 43 53 60 95 
10 12 39 44 54 61 96 99 
11 13 40 55 62 97 100 
12 14 41 56 63 98 
13 15 45 57 64 101 
14 16 42 46 58 65 99 102 
15 43 47 59 100 103 
16 17 44 48 60 104 
18 49 61 66 101 105 
17 50 62 67 102 
18 19 45 63 68 103 106 
46 64 69 104 107 
19 20 47 51 65 70 105 108 
21 48 52 71 109 
20 22 49 53 72 106 110 
21 23 50 54 66 73 107 111 
0 22 24 55 67 74 108 
1 23 25 56 68 75 109 
2 24 26 51 57 69 76 110 
3 25 27 52 58 70 77 111 
0 26 28 53 59 71 78 
1 4 27 29 54 60 72 79 
2 5 28 30 55 61 73 80 
3 6 29 31 56 62 74 81 
7 30 32 57 63 75 
4 8 31 33 58 64 76 82 
5 9 32 34 59 65 77 83 
6 10 33 35 60 78 84 
7 11 34 36 61 79 85 
8 12 35 37 62 66 80 86 
9 13 36 63 67 81 87 
10 14 37 38 64 68 88 
11 15 39 65 69 82 89 
12 16 38 40 70 83 90 
13 39 41 71 84 91 
14 17 40 66 72 85 92 
15 18 41 42 67 73 86 93 
16 43 68 74 87 94 
19 42 44 69 75 88 95 
17 43 70 76 89 96 
18 20 44 71 77 90 97 
21 45 72 78 91 98 
19 22 46 73 79 92 
23 45 47 74 80 93 99 
20 24 46 48 75 81 94 100 
21 25 47 49 76 95 
22 26 48 50 77 82 96 101 
23 27 49 78 83 97 102 
24 28 50 79 84 98 103 
25 29 51 80 85 104 
26 30 52 81 86 99 105 
27 31 51 53 87 100 
28 32 52 54 82 88 106 
29 33 53 55 83 89 101 107 
30 34 54 56 84 90 102 108 
31 35 55 57 85 91 103 109 
32 36 56 58 86 92 104 110 
33 37 57 59 87 93 105 111 
112 118 135 162 186 190 
113 119 131 136 163 187 191 
114 120 137 164 188 192 
115 121 132 138 163 165 189 193 
122 133 139 164 166 190 
116 123 134 140 165 167 191 194 
117 124 135 141 166 168 192 195 
118 125 136 142 167 169 193 196 
119 126 137 143 168 170 197 
120 127 138 144 169 171 194 198 
121 128 139 145 170 172 195 199 
122 140 146 171 173 196 200 
123 129 141 147 172 174 197 201 
124 130 142 148 173 175 198 202 
125 143 149 174 176 199 203 
126 131 144 175 177 200 204 
127 145 150 176 201 205 
128 132 146 151 177 202 206 
133 147 152 178 203 207 
129 134 148 153 179 204 208 
130 135 149 178 180 205 209 
136 154 179 181 206 210 
131 137 150 155 180 182 207 
138 151 156 181 183 208 211 
132 139 152 182 184 209 212 
133 140 153 183 185 210 
134 141 157 184 186 213 
135 142 154 158 185 187 211 214 
136 143 155 159 186 188 212 215 
137 144 156 160 187 189 216 
138 145 161 188 190 213 217 
139 146 162 189 191 214 
140 147 157 190 192 215 218 
141 148 158 191 193 216 219 
142 149 159 163 192 217 220 
143 160 164 193 194 221 
144 150 161 165 195 218 222 
145 151 162 166 194 196 219 223 
112 146 152 167 195 197 220 
113 147 153 168 196 198 221 
114 148 163 169 197 199 222 
115 149 154 164 170 198 200 223 
112 155 165 171 199 201 
113 116 150 156 166 172 200 202 
114 117 151 167 173 201 203 
115 118 152 168 174 202 204 
119 153 157 169 175 203 205 
116 120 158 170 176 204 206 
117 121 154 159 171 177 205 207 
118 122 155 160 172 206 208 
119 123 156 161 173 207 209 
120 124 162 174 178 208 210 
121 125 175 179 209 
122 126 157 176 180 210 211 
123 127 158 163 177 181 212 
124 128 159 164 182 211 
125 160 165 183 212 213 
126 129 161 166 178 184 214 
127 130 162 167 179 185 213 215 
128 168 180 186 214 216 
131 169 181 187 215 217 
129 163 170 182 188 216 
130 132 164 171 183 189 217 218 
133 165 172 184 190 219 
131 134 166 173 185 191 218 220 
135 167 174 186 192 219 221 
132 136 168 175 187 193 220 222 
133 137 169 176 188 221 223 
112 134 138 170 177 189 194 222 
113 135 139 171 190 195 223 
112 114 136 140 172 191 196 
113 115 137 141 173 178 192 197 
114 138 142 174 179 193 198 
115 116 139 143 175 180 199 
117 140 144 176 181 194 200 
116 118 141 145 177 182 195 201 
117 119 142 146 183 196 202 
118 120 143 147 184 197 203 
119 121 144 148 178 185 198 204 
120 122 145 149 179 186 199 205 
121 123 146 180 187 200 206 
122 124 147 150 181 188 201 207 
123 125 148 151 182 189 202 208 
124 126 149 152 183 190 203 209 
125 127 153 184 191 204 210 
126 128 150 185 192 205 
127 151 154 186 193 206 211 
128 129 152 155 187 207 212 
130 153 156 188 194 208 
129 189 195 209 213 
130 131 154 190 196 210 214 
155 157 191 197 215 
131 132 156 158 192 198 211 216 
133 159 193 199 212 217 
132 134 160 200 
133 135 157 161 194 201 213 218 
134 136 158 162 195 202 214 219 
135 137 159 196 203 215 220 
136 138 160 197 204 216 221 
137 139 161 163 198 205 217 222 
138 140 162 164 199 206 223 
112 139 141 165 200 207 218 
113 140 142 166 201 208 219 
114 141 143 163 167 202 209 220 
115 142 144 164 168 203 210 221 
143 145 165 169 204 222 
116 144 146 166 170 205 211 223 
112 117 145 147 167 171 206 212 
113 118 146 148 168 172 207 
114 119 147 149 169 173 208 213 
115 120 148 170 174 209 214 
121 149 150 171 175 210 215 
116 122 151 172 176 216 
117 123 150 152 173 177 211 217 
118 124 151 153 174 212 
119 125 152 175 218 
120 126 153 154 176 178 213 219 
121 127 155 177 179 214 220 
122 128 154 156 180 215 221 
123 155 181 216 222 
124 129 156 178 182 217 223 
112 125 130 157 179 183 
113 126 158 180 184 218 
114 127 131 157 159 181 185 219 
115 128 158 160 182 186 220 
132 159 161 183 187 221 
116 129 133 160 162 184 188 222 
117 130 134 161 185 189 223 
112 146 170 172 200 206 
113 147 150 171 173 201 207 218 
114 148 151 172 174 202 208 219 
115 149 152 173 175 203 209 220 
153 174 176 204 210 221 
116 150 175 177 205 222 
117 151 154 176 206 211 223 
112 118 152 155 177 207 212 
113 119 153 156 178 208 
114 120 179 209 213 
115 121 154 178 180 210 214 
122 155 157 179 181 215 
116 123 156 158 180 182 211 216 
117 124 159 181 183 212 217 
118 125 160 182 184 
119 126 157 161 183 185 213 218 
120 127 158 162 184 186 214 219 
121 128 159 185 187 215 220 
122 160 186 188 216 221 
123 129 161 163 187 189 217 222 
124 130 162 164 188 190 223 
112 125 165 189 191 218 
113 126 131 166 190 192 219 
114 127 163 167 191 193 220 
115 128 132 164 168 192 221 
133 165 169 193 194 222 
116 129 134 166 170 195 223 
112 117 130 135 167 171 194 196 
113 118 136 168 172 195 197 
114 119 131 137 169 173 196 198 
115 120 138 170 174 197 199 
121 132 139 171 175 198 200 
116 122 133 140 172 176 199 201 
117 123 134 141 173 177 200 202 
118 124 135 142 174 201 203 
119 125 136 143 175 202 204 
120 126 137 144 176 178 203 205 
121 127 138 145 177 179 204 206 
122 128 139 146 180 205 207 
123 140 147 181 206 208 
124 129 141 148 178 182 207 209 
125 130 142 149 179 183 208 210 
126 143 180 184 209 
127 131 144 150 181 185 210 211 
128 145 151 182 186 212 
132 146 152 183 187 211 
129 133 147 153 184 188 212 213 
130 134 148 185 189 214 
135 149 154 186 190 213 215 
131 136 155 187 191 214 216 
137 150 156 188 192 215 217 
132 138 151 189 193 216 
133 139 152 190 217 218 
134 140 153 157 191 194 219 
135 141 158 192 195 218 220 
136 142 154 159 193 196 219 221 
137 143 155 160 197 220 222 
138 144 156 161 194 198 221 223 
112 139 145 162 195 199 222 
113 140 146 196 200 223 
112 114 141 147 157 197 201 
113 115 142 148 158 163 198 202 
114 143 149 159 164 199 203 
115 116 144 160 165 200 204 
117 145 150 161 166 201 205 
116 118 146 151 162 167 202 206 
117 119 147 152 168 203 207 
118 120 148 153 169 204 208 
119 121 149 163 170 205 209 
120 122 154 164 171 206 210 
121 123 150 155 165 172 207 
122 124 151 156 166 173 208 211 
123 125 152 167 174 209 212 
124 126 153 168 175 210 
125 127 157 169 176 213 
126 128 154 158 170 177 211 214 
127 155 159 171 212 215 
128 129 156 160 172 216 
130 161 173 178 213 217 
129 162 174 179 214 
130 131 157 175 180 215 218 
158 176 181 216 219 
131 132 159 163 177 182 217 220 
133 160 164 183 221 
132 134 161 165 184 218 222 
133 135 162 166 178 185 219 223 
112 134 136 167 179 186 220 
113 135 137 168 180 187 221 
114 136 138 163 169 181 188 222 
115 137 139 164 170 182 189 223 
112 138 140 165 171 183 190 
113 116 139 141 166 172 184 191 
114 117 140 142 167 173 185 192 
115 118 141 143 168 174 186 193 
119 142 144 169 175 187 
116 120 143 145 170 176 188 194 
117 121 144 146 171 177 189 195 
118 122 145 147 172 190 196 
119 123 146 148 173 191 197 
120 124 147 149 174 178 192 198 
121 125 148 175 179 193 199 
122 126 149 150 176 180 200 
123 127 151 177 181 194 201 
124 128 150 152 182 195 202 
125 151 153 183 196 203 
126 129 152 178 184 197 204 
127 130 153 154 179 185 198 205 
128 155 180 186 199 206 
131 154 156 181 187 200 207 
129 155 182 188 201 208 
130 132 156 183 189 202 209 
133 157 184 190 203 210 
131 134 158 185 191 204 
135 157 159 186 192 205 211 
132 136 158 160 187 193 206 212 
133 137 159 161 188 207 
134 138 160 162 189 194 208 213 
135 139 161 190 195 209 214 
136 140 162 191 196 210 215 
137 141 163 192 197 216 
138 142 164 193 198 211 217 
139 143 163 165 199 212 
140 144 164 166 194 200 218 
141 145 165 167 195 201 213 219 
142 146 166 168 196 202 214 220 
143 147 167 169 197 203 215 221 
144 148 168 170 198 204 216 222 
145 149 169 171 199 205 217 223 
0 38 42 68 70 101 107 121 128 135 149 155 186 188 214 218 
1 39 43 69 71 102 108 122 129 136 150 156 187 189 215 219 
2 40 44 70 72 103 109 123 130 137 151 157 188 190 216 220 
3 41 45 71 73 104 110 124 131 138 152 158 189 191 217 221 
5 43 47 73 75 106 112 126 133 140 154 160 191 193 219 223 
6 44 48 74 76 107 113 127 134 141 155 161 192 194 220 224 
0 7 45 49 75 77 108 114 135 142 156 162 193 195 221 225 
1 8 46 50 76 78 109 115 136 143 157 163 194 196 222 226 
2 9 47 51 77 79 110 116 137 144 158 164 195 197 223 227 
3 10 48 52 78 80 111 117 138 145 159 165 196 198 224 228 
4 11 49 53 79 81 112 118 139 146 160 166 197 199 225 229 
5 12 50 54 80 82 113 119 140 147 161 167 198 200 226 230 
6 13 51 55 81 83 114 120 141 148 162 168 199 201 227 231 
7 14 52 56 82 84 115 121 142 149 163 169 200 202 228 232 
8 15 53 57 83 85 116 122 143 150 164 170 201 203 229 233 
9 16 54 58 84 86 117 123 144 151 165 171 202 204 230 234 
10 17 55 59 85 87 118 124 145 152 166 172 203 205 231 235 
12 19 57 61 87 89 120 126 147 154 168 174 205 207 233 237 
13 20 58 62 88 90 121 127 148 155 169 175 206 208 234 238 
1 15 22 60 64 90 92 123 150 157 171 177 208 210 236 240 
3 17 24 62 66 92 94 125 152 159 173 179 210 212 238 242 
4 18 25 63 67 93 95 126 153 160 174 180 211 213 239 243 
5 19 26 64 68 94 96 127 154 161 175 181 212 214 240 244 
0 6 20 27 65 69 95 97 155 162 176 182 213 215 241 245 
1 7 21 28 66 70 96 98 156 163 177 183 214 216 242 246 
2 8 22 29 67 71 97 99 157 164 178 184 215 217 243 247 
3 9 23 30 68 72 98 100 158 165 179 185 216 218 244 248 
4 10 24 31 69 73 99 101 159 166 180 186 217 219 245 249 
5 11 25 32 70 74 100 102 160 167 181 187 218 220 246 250 
6 12 26 33 71 75 101 103 161 168 182 188 219 221 247 251 
7 13 27 34 72 76 102 104 162 169 183 189 220 222 248 252 
8 14 28 35 73 77 103 105 163 170 184 190 221 223 249 253 
9 15 29 36 74 78 104 106 164 171 185 191 222 224 250 254 
10 16 30 37 75 79 105 107 165 172 186 192 223 225 251 255 
11 17 31 38 76 80 106 108 128 166 173 187 193 224 226 252 
12 18 32 39 77 81 107 109 129 167 174 188 194 225 227 253 
13 19 33 40 78 82 108 110 130 168 175 189 195 226 228 254 
14 20 34 41 79 83 109 111 131 169 176 190 196 227 229 255 
16 22 36 43 81 85 111 113 129 133 171 178 192 198 229 231 
17 23 37 44 82 86 112 114 130 134 172 179 193 199 230 232 
18 24 38 45 83 87 113 115 131 135 173 180 194 200 231 233 
19 25 39 46 84 88 114 116 132 136 174 181 195 201 232 234 
21 27 41 48 86 90 116 118 134 138 176 183 197 203 234 236 
22 28 42 49 87 91 117 119 135 139 177 184 198 204 235 237 
23 29 43 50 88 92 118 120 136 140 178 185 199 205 236 238 
26 32 46 53 91 95 121 123 139 143 181 188 202 208 239 241 
27 33 47 54 92 96 122 124 140 144 182 189 203 209 240 242 
28 34 48 55 93 97 123 125 141 145 183 190 204 210 241 243 
29 35 49 56 94 98 124 126 142 146 184 191 205 211 242 244 
30 36 50 57 95 99 125 127 143 147 185 192 206 212 243 245 
0 31 37 51 58 96 100 126 144 148 186 193 207 213 244 246 
1 3 34 40 54 61 99 103 147 151 189 196 210 216 247 249 
2 4 35 41 55 62 100 104 148 152 190 197 211 217 248 250 
3 5 36 42 56 63 101 105 149 153 191 198 212 218 249 251 
4 6 37 43 57 64 102 106 150 154 192 199 213 219 250 252 
5 7 38 44 58 65 103 107 151 155 193 200 214 220 251 253 
6 8 39 45 59 66 104 108 152 156 194 201 215 221 252 254 
7 9 40 46 60 67 105 109 153 157 195 202 216 222 253 255 
8 10 41 47 61 68 106 110 128 154 158 196 203 217 223 254 
9 11 42 48 62 69 107 111 129 155 159 197 204 218 224 255 
10 12 43 49 63 70 108 112 128 130 156 160 198 205 219 225 
11 13 44 50 64 71 109 113 129 131 157 161 199 206 220 226 
12 14 45 51 65 72 110 114 130 132 158 162 200 207 221 227 
13 15 46 52 66 73 111 115 131 133 159 163 201 208 222 228 
14 16 47 53 67 74 112 116 132 134 160 164 202 209 223 229 
15 17 48 54 68 75 113 117 133 135 161 165 203 210 224 230 
18 20 51 57 71 78 116 120 136 138 164 168 206 213 227 233 
19 21 52 58 72 79 117 121 137 139 165 169 207 214 228 234 
20 22 53 59 73 80 118 122 138 140 166 170 208 215 229 235 
21 23 54 60 74 81 119 123 139 141 167 171 209 216 230 236 
22 24 55 61 75 82 120 124 140 142 168 172 210 217 231 237 
23 25 56 62 76 83 121 125 141 143 169 173 211 218 232 238 
24 26 57 63 77 84 122 126 142 144 170 174 212 219 233 239 
25 27 58 64 78 85 123 127 143 145 171 175 213 220 234 240 
0 26 28 59 65 79 86 124 144 146 172 176 214 221 235 241 
1 27 29 60 66 80 87 125 145 147 173 177 215 222 236 242 
2 28 30 61 67 81 88 126 146 148 174 178 216 223 237 243 
3 29 31 62 68 82 89 127 147 149 175 179 217 224 238 244 
0 4 30 32 63 69 83 90 148 150 176 180 218 225 239 245 
1 5 31 33 64 70 84 91 149 151 177 181 219 226 240 246 
2 6 32 34 65 71 85 92 150 152 178 182 220 227 241 247 
3 7 33 35 66 72 86 93 151 153 179 183 221 228 242 248 
5 9 35 37 68 74 88 95 153 155 181 185 223 230 244 250 
6 10 36 38 69 75 89 96 154 156 182 186 224 231 245 251 
7 11 37 39 70 76 90 97 155 157 183 187 225 232 246 252 
8 12 38 40 71 77 91 98 156 158 184 188 226 233 247 253 
9 13 39 41 72 78 92 99 157 159 185 189 227 234 248 254 
10 14 40 42 73 79 93 100 158 160 186 190 228 235 249 255 
11 15 41 43 74 80 94 101 128 159 161 187 191 229 236 250 
12 16 42 44 75 81 95 102 129 160 162 188 192 230 237 251 
13 17 43 45 76 82 96 103 130 161 163 189 193 231 238 252 
14 18 44 46 77 83 97 104 131 162 164 190 194 232 239 253 
15 19 45 47 78 84 98 105 132 163 165 191 195 233 240 254 
16 20 46 48 79 85 99 106 133 164 166 192 196 234 241 255 
17 21 47 49 80 86 100 107 128 134 165 167 193 197 235 242 
18 22 48 50 81 87 101 108 129 135 166 168 194 198 236 243 
19 23 49 51 82 88 102 109 130 136 167 169 195 199 237 244 
20 24 50 52 83 89 103 110 131 137 168 170 196 200 238 245 
21 25 51 53 84 90 104 111 132 138 169 171 197 201 239 246 
23 27 53 55 86 92 106 113 134 140 171 173 199 203 241 248 
24 28 54 56 87 93 107 114 135 141 172 174 200 204 242 249 
26 30 56 58 89 95 109 116 137 143 174 176 202 206 244 251 
27 31 57 59 90 96 110 117 138 144 175 177 203 207 245 252 
28 32 58 60 91 97 111 118 139 145 176 178 204 208 246 253 
29 33 59 61 92 98 112 119 140 146 177 179 205 209 247 254 
30 34 60 62 93 99 113 120 141 147 178 180 206 210 248 255 
32 36 62 64 95 101 115 122 129 143 149 180 182 208 212 250 
33 37 63 65 96 102 116 123 130 144 150 181 183 209 213 251 
34 38 64 66 97 103 117 124 131 145 151 182 184 210 214 252 
35 39 65 67 98 104 118 125 132 146 152 183 185 211 215 253 
36 40 66 68 99 105 119 126 133 147 153 184 186 212 216 254 
37 41 67 69 100 106 120 127 134 148 154 185 187 213 217 255 
256 294 298 324 326 357 363 377 384 391 405 411 442 444 470 474 
257 295 299 325 327 358 364 378 385 392 406 412 443 445 471 475 
258 296 300 326 328 359 365 379 386 393 407 413 444 446 472 476 
259 297 301 327 329 360 366 380 387 394 408 414 445 447 473 477 
261 299 303 329 331 362 368 382 389 396 410 416 447 449 475 479 
262 300 304 330 332 363 369 383 390 397 411 417 448 450 476 480 
256 263 301 305 331 333 364 370 391 398 412 418 449 451 477 481 
257 264 302 306 332 334 365 371 392 399 413 419 450 452 478 482 
258 265 303 307 333 335 366 372 393 400 414 420 451 453 479 483 
259 266 304 308 334 336 367 373 394 401 415 421 452 454 480 484 
260 267 305 309 335 337 368 374 395 402 416 422 453 455 481 485 
261 268 306 310 336 338 369 375 396 403 417 423 454 456 482 486 
262 269 307 311 337 339 370 376 397 404 418 424 455 457 483 487 
263 270 308 312 338 340 371 377 398 405 419 425 456 458 484 488 
264 271 309 313 339 341 372 378 399 406 420 426 457 459 485 489 
265 272 310 314 340 342 373 379 400 407 421 427 458 460 486 490 
266 273 311 315 341 343 374 380 401 408 422 428 459 461 487 491 
268 275 313 317 343 345 376 382 403 410 424 430 461 463 489 493 
269 276 314 318 344 346 377 383 404 411 425 431 462 464 490 494 
257 271 278 316 320 346 348 379 406 413 427 433 464 466 492 496 
259 273 280 318 322 348 350 381 408 415 429 435 466 468 494 498 
260 274 281 319 323 349 351 382 409 416 430 436 467 469 495 499 
261 275 282 320 324 350 352 383 410 417 431 437 468 470 496 500 
256 262 276 283 321 325 351 353 411 418 432 438 469 471 497 501 
257 263 277 284 322 326 352 354 412 419 433 439 470 472 498 502 
258 264 278 285 323 327 353 355 413 420 434 440 471 473 499 503 
259 265 279 286 324 328 354 356 414 421 435 441 472 474 500 504 
260 266 280 287 325 329 355 357 415 422 436 442 473 475 501 505 
261 267 281 288 326 330 356 358 416 423 437 443 474 476 502 506 
262 268 282 289 327 331 357 359 417 424 438 444 475 477 503 507 
263 269 283 290 328 332 358 360 418 425 439 445 476 478 504 508 
264 270 284 291 329 333 359 361 419 426 440 446 477 479 505 509 
265 271 285 292 330 334 360 362 420 427 441 447 478 480 506 510 
266 272 286 293 331 335 361 363 421 428 442 448 479 481 507 511 
267 273 287 294 332 336 362 364 384 422 429 443 449 480 482 508 
268 274 288 295 333 337 363 365 385 423 430 444 450 481 483 509 
269 275 289 296 334 338 364 366 386 424 431 445 451 482 484 510 
270 276 290 297 335 339 365 367 387 425 432 446 452 483 485 511 
272 278 292 299 337 341 367 369 385 389 427 434 448 454 485 487 
273 279 293 300 338 342 368 370 386 390 428 435 449 455 486 488 
274 280 294 301 339 343 369 371 387 391 429 436 450 456 487 489 
275 281 295 302 340 344 370 372 388 392 430 437 451 457 488 490 
277 283 297 304 342 346 372 374 390 394 432 439 453 459 490 492 
278 284 298 305 343 347 373 375 391 395 433 440 454 460 491 493 
279 285 299 306 344 348 374 376 392 396 434 441 455 461 492 494 
282 288 302 309 347 351 377 379 395 399 437 444 458 464 495 497 
283 289 303 310 348 352 378 380 396 400 438 445 459 465 496 498 
284 290 304 311 349 353 379 381 397 401 439 446 460 466 497 499 
285 291 305 312 350 354 380 382 398 402 440 447 461 467 498 500 
286 292 306 313 351 355 381 383 399 403 441 448 462 468 499 501 
256 287 293 307 314 352 356 382 400 404 442 449 463 469 500 502 
257 259 290 296 310 317 355 359 403 407 445 452 466 472 503 505 
258 260 291 297 311 318 356 360 404 408 446 453 467 473 504 506 
259 261 292 298 312 319 357 361 405 409 447 454 468 474 505 507 
260 262 293 299 313 320 358 362 406 410 448 455 469 475 506 508 
261 263 294 300 314 321 359 363 407 411 449 456 470 476 507 509 
262 264 295 301 315 322 360 364 408 412 450 457 471 477 508 510 
263 265 296 302 316 323 361 365 409 413 451 458 472 478 509 511 
264 266 297 303 317 324 362 366 384 410 414 452 459 473 479 510 
265 267 298 304 318 325 363 367 385 411 415 453 460 474 480 511 
266 268 299 305 319 326 364 368 384 386 412 416 454 461 475 481 
267 269 300 306 320 327 365 369 385 387 413 417 455 462 476 482 
268 270 301 307 321 328 366 370 386 388 414 418 456 463 477 483 
269 271 302 308 322 329 367 371 387 389 415 419 457 464 478 484 
270 272 303 309 323 330 368 372 388 390 416 420 458 465 479 485 
271 273 304 310 324 331 369 373 389 391 417 421 459 466 480 486 
274 276 307 313 327 334 372 376 392 394 420 424 462 469 483 489 
275 277 308 314 328 335 373 377 393 395 421 425 463 470 484 490 
276 278 309 315 329 336 374 378 394 396 422 426 464 471 485 491 
277 279 310 316 330 337 375 379 395 397 423 427 465 472 486 492 
278 280 311 317 331 338 376 380 396 398 424 428 466 473 487 493 
279 281 312 318 332 339 377 381 397 399 425 429 467 474 488 494 
280 282 313 319 333 340 378 382 398 400 426 430 468 475 489 495 
281 283 314 320 334 341 379 383 399 401 427 431 469 476 490 496 
256 282 284 315 321 335 342 380 400 402 428 432 470 477 491 497 
257 283 285 316 322 336 343 381 401 403 429 433 471 478 492 498 
258 284 286 317 323 337 344 382 402 404 430 434 472 479 493 499 
259 285 287 318 324 338 345 383 403 405 431 435 473 480 494 500 
256 260 286 288 319 325 339 346 404 406 432 436 474 481 495 501 
257 261 287 289 320 326 340 347 405 407 433 437 475 482 496 502 
258 262 288 290 321 327 341 348 406 408 434 438 476 483 497 503 
259 263 289 291 322 328 342 349 407 409 435 439 477 484 498 504 
261 265 291 293 324 330 344 351 409 411 437 441 479 486 500 506 
262 266 292 294 325 331 345 352 410 412 438 442 480 487 501 507 
263 267 293 295 326 332 346 353 411 413 439 443 481 488 502 508 
264 268 294 296 327 333 347 354 412 414 440 444 482 489 503 509 
265 269 295 297 328 334 348 355 413 415 441 445 483 490 504 510 
266 270 296 298 329 335 349 356 414 416 442 446 484 491 505 511 
267 271 297 299 330 336 350 357 384 415 417 443 447 485 492 506 
268 272 298 300 331 337 351 358 385 416 418 444 448 486 493 507 
269 273 299 301 332 338 352 359 386 417 419 445 449 487 494 508 
270 274 300 302 333 339 353 360 387 418 420 446 450 488 495 509 
271 275 301 303 334 340 354 361 388 419 421 447 451 489 496 510 
272 276 302 304 335 341 355 362 389 420 422 448 452 490 497 511 
273 277 303 305 336 342 356 363 384 390 421 423 449 453 491 498 
274 278 304 306 337 343 357 364 385 391 422 424 450 454 492 499 
275 279 305 307 338 344 358 365 386 392 423 425 451 455 493 500 
276 280 306 308 339 345 359 366 387 393 424 426 452 456 494 501 
277 281 307 309 340 346 360 367 388 394 425 427 453 457 495 502 
279 283 309 311 342 348 362 369 390 396 427 429 455 459 497 504 
280 284 310 312 343 349 363 370 391 397 428 430 456 460 498 505 
282 286 312 314 345 351 365 372 393 399 430 432 458 462 500 507 
283 287 313 315 346 352 366 373 394 400 431 433 459 463 501 508 
284 288 314 316 347 353 367 374 395 401 432 434 460 464 502 509 
285 289 315 317 348 354 368 375 396 402 433 435 461 465 503 510 
286 290 316 318 349 355 369 376 397 403 434 436 462 466 504 511 
288 292 318 320 351 357 371 378 385 399 405 436 438 464 468 506 
289 293 319 321 352 358 372 379 386 400 406 437 439 465 469 507 
290 294 320 322 353 359 373 380 387 401 407 438 440 466 470 508 
291 295 321 323 354 360 374 381 388 402 408 439 441 467 471 509 
292 296 322 324 355 361 375 382 389 403 409 440 442 468 472 510 
293 297 323 325 356 362 376 383 390 404 410 441 443 469 473 511 