512 224 
38 40 55 61 94 108 
41 62 71 78 95 109 
39 42 56 63 72 79 96 
40 43 57 64 73 97 110 
41 44 58 65 74 80 111 
0 42 45 59 66 81 98 
1 43 46 67 75 82 99 
2 44 47 60 68 83 100 
3 45 61 69 76 84 101 
46 48 62 70 85 102 
4 47 49 63 77 86 103 
5 50 64 71 87 104 
6 48 65 72 78 88 
7 49 51 66 73 79 105 
8 50 52 67 74 89 106 
9 53 68 80 90 107 
10 51 54 69 75 81 91 108 
11 52 55 70 82 92 109 
12 53 76 83 93 
13 54 56 71 84 94 110 
14 55 57 72 77 85 95 111 
0 15 58 73 86 96 
1 16 56 59 74 78 87 97 
2 17 57 79 88 
3 18 58 60 75 98 
19 59 61 80 89 99 
4 20 62 76 81 90 100 
5 21 60 63 82 91 101 
6 22 61 64 77 83 92 102 
7 23 62 65 84 93 103 
8 24 63 66 78 85 94 104 
9 25 64 67 79 86 95 
10 26 65 68 87 96 105 
11 27 66 69 80 88 97 106 
12 28 67 70 81 107 
13 29 68 82 89 98 108 
14 30 69 71 83 90 99 109 
15 31 70 72 84 91 100 
16 32 73 85 92 101 110 
17 33 71 74 86 93 102 111 
0 18 34 72 87 94 103 
1 19 35 73 75 88 95 104 
2 20 36 74 96 
3 21 37 76 89 97 105 
22 38 75 90 106 
4 23 77 91 98 107 
5 24 39 76 92 99 108 
6 25 40 78 93 100 109 
7 26 41 77 79 94 101 
8 27 42 95 102 110 
9 28 43 78 80 96 103 111 
0 10 29 44 79 81 97 104 
1 11 30 45 82 
2 12 31 46 80 83 98 105 
3 13 32 47 81 84 99 106 
14 33 82 85 100 107 
4 15 34 48 83 86 101 108 
5 16 35 49 84 87 102 109 
6 17 36 50 85 88 103 
7 18 37 86 104 110 
8 19 38 51 87 89 111 
0 9 20 52 88 90 105 
1 10 21 39 53 91 106 
2 11 22 40 54 89 92 107 
3 12 23 41 55 90 93 108 
13 24 42 91 94 109 
4 14 25 43 56 92 95 
5 15 26 44 57 93 96 110 
6 16 27 45 58 94 97 111 
0 7 17 28 46 59 95 
1 8 18 29 47 96 98 
2 9 19 30 60 97 99 
3 10 20 31 48 61 100 
11 21 32 49 62 98 101 
4 12 22 33 50 63 99 102 
5 13 23 34 64 100 103 
6 14 24 35 51 65 101 104 
7 15 25 36 52 66 102 
8 16 26 37 53 67 103 105 
9 17 27 38 54 68 104 106 
10 18 28 55 69 107 
11 19 29 39 70 105 108 
12 20 30 40 56 106 109 
13 21 31 41 57 71 107 
14 22 32 42 58 72 108 110 
15 23 33 43 59 73 109 111 
0 16 24 34 44 74 
1 17 25 35 45 60 110 
2 18 26 36 46 61 75 111 
0 3 19 27 37 47 62 
1 20 28 38 63 76 
2 4 21 29 48 64 
3 5 22 30 39 49 65 77 
6 23 31 40 50 66 
4 7 24 32 41 67 78 
5 8 25 33 42 51 68 79 
6 9 26 34 43 52 69 
7 10 27 35 44 53 70 80 
8 11 28 36 45 54 81 
9 12 29 37 46 55 71 82 
10 13 30 38 47 72 83 
11 14 31 56 73 84 
12 15 32 39 48 57 74 85 
13 16 33 40 49 58 86 
14 17 34 41 50 59 75 87 
15 18 35 42 88 
16 19 36 43 51 60 76 
17 20 37 44 52 61 89 
18 21 38 45 53 62 77 90 
19 22 46 54 63 91 
20 23 39 47 55 64 78 92 
21 24 40 65 79 93 
22 25 41 48 56 66 94 
23 26 42 49 57 67 80 95 
24 27 43 50 58 68 81 96 
25 28 44 59 69 82 97 
26 29 45 51 70 83 
27 30 46 52 60 84 98 
28 31 47 53 61 71 85 99 
29 32 54 62 72 86 100 
30 33 48 55 63 73 87 101 
31 34 49 64 74 88 102 
32 35 50 56 65 103 
33 36 57 66 75 89 104 
34 37 51 58 67 90 
35 38 52 59 68 76 91 105 
36 53 69 92 106 
37 39 54 60 70 77 93 107 
4 20 48 56 63 78 
5 21 39 49 57 64 77 79 
6 22 40 50 58 65 
7 23 41 59 66 78 80 
8 24 42 51 67 79 81 
9 25 43 52 60 68 82 
10 26 44 53 61 69 80 83 
11 27 45 54 62 70 81 84 
12 28 46 55 63 82 85 
13 29 47 64 71 83 86 
14 30 56 65 72 84 87 
15 31 48 57 66 73 85 88 
16 32 49 58 67 74 86 
17 33 50 59 68 87 89 
18 34 69 75 88 90 
19 35 51 60 70 91 
20 36 52 61 76 89 92 
21 37 53 62 71 90 93 
22 38 54 63 72 77 91 94 
23 55 64 73 92 95 
24 39 65 74 78 93 96 
25 40 56 66 79 94 97 
26 41 57 67 75 95 
27 42 58 68 80 96 98 
28 43 59 69 76 81 97 99 
29 44 70 82 100 
30 45 60 77 83 98 101 
31 46 61 71 84 99 102 
32 47 62 72 78 85 100 103 
33 63 73 79 86 101 104 
34 48 64 74 87 102 
35 49 65 80 88 103 105 
36 50 66 75 81 104 106 
37 67 82 89 107 
38 51 68 76 83 90 105 108 
52 69 84 91 106 109 
39 53 70 77 85 92 107 
40 54 86 93 108 110 
41 55 71 78 87 94 109 111 
0 42 72 79 88 95 
1 43 56 73 96 110 
2 44 57 74 80 89 97 111 
0 3 45 58 81 90 
1 46 59 75 82 91 98 
2 4 47 83 92 99 
3 5 60 76 84 93 100 
6 48 61 85 94 101 
4 7 49 62 77 86 95 102 
5 8 50 63 87 96 103 
6 9 64 78 88 97 104 
7 10 51 65 79 
8 11 52 66 89 98 105 
9 12 53 67 80 90 99 106 
10 13 54 68 81 91 100 107 
11 14 55 69 82 92 101 108 
12 15 70 83 93 102 109 
13 16 56 84 94 103 
14 17 57 71 85 95 104 110 
15 18 58 72 86 96 111 
0 16 19 59 73 87 97 105 
1 17 20 74 88 106 
2 18 21 60 98 107 
3 19 22 61 75 89 99 108 
20 23 62 90 100 109 
4 21 24 63 76 91 101 
5 22 25 64 92 102 110 
6 23 26 65 77 93 103 111 
0 7 24 27 66 94 104 
1 8 25 28 67 78 95 
2 9 26 29 68 79 96 105 
3 10 27 30 69 97 106 
11 28 31 70 80 107 
4 12 29 32 81 98 108 
5 13 30 33 71 82 99 109 
6 14 31 34 72 83 100 
7 15 32 35 73 84 101 110 
8 16 33 36 74 85 102 111 
0 9 17 34 37 86 103 
1 10 18 35 38 75 87 104 
2 11 19 36 88 
3 12 20 37 39 76 105 
13 21 38 40 89 106 
4 14 22 41 77 90 107 
5 15 23 39 42 91 108 
6 16 24 40 43 78 92 109 
7 17 25 41 44 79 93 
8 18 26 42 45 94 110 
9 19 27 43 46 80 95 111 
0 10 20 28 44 47 81 96 
1 11 21 29 45 82 97 
2 12 22 30 46 48 83 
3 13 23 31 47 49 84 98 
14 24 32 50 85 99 
4 15 25 33 48 86 100 
5 16 26 34 49 51 87 101 
6 17 27 35 50 52 88 102 
7 18 28 36 53 103 
8 19 29 37 51 54 89 104 
9 20 30 38 52 55 90 
10 21 31 53 91 105 
11 22 32 39 54 56 92 106 
12 23 33 40 55 57 93 107 
13 24 34 41 58 94 108 
14 25 35 42 56 59 95 109 
15 26 36 43 57 96 
16 27 37 44 58 60 97 110 
17 28 38 45 59 61 111 
0 18 29 46 62 98 
1 19 30 39 47 60 63 99 
2 20 31 40 61 64 100 
3 21 32 41 48 62 65 101 
22 33 42 49 63 66 102 
4 23 34 43 50 64 67 103 
5 24 35 44 65 68 104 
6 25 36 45 51 66 69 
7 26 37 46 52 67 70 105 
8 27 38 47 53 68 106 
9 28 54 69 71 107 
10 29 39 48 55 70 72 108 
11 30 40 49 73 109 
12 31 41 50 56 71 74 
13 32 42 57 72 110 
14 33 43 51 58 73 75 111 
0 15 34 44 52 59 74 
1 16 35 45 53 76 
2 17 36 46 54 60 75 
3 18 37 47 55 61 77 
19 38 62 76 
150 152 167 173 206 220 
153 174 183 190 207 221 
151 154 168 175 184 191 208 
152 155 169 176 185 209 222 
153 156 170 177 186 192 223 
112 154 157 171 178 193 210 
113 155 158 179 187 194 211 
114 156 159 172 180 195 212 
115 157 173 181 188 196 213 
158 160 174 182 197 214 
116 159 161 175 189 198 215 
117 162 176 183 199 216 
118 160 177 184 190 200 
119 161 163 178 185 191 217 
120 162 164 179 186 201 218 
121 165 180 192 202 219 
122 163 166 181 187 193 203 220 
123 164 167 182 194 204 221 
124 165 188 195 205 
125 166 168 183 196 206 222 
126 167 169 184 189 197 207 223 
112 127 170 185 198 208 
113 128 168 171 186 190 199 209 
114 129 169 191 200 
115 130 170 172 187 210 
131 171 173 192 201 211 
116 132 174 188 193 202 212 
117 133 172 175 194 203 213 
118 134 173 176 189 195 204 214 
119 135 174 177 196 205 215 
120 136 175 178 190 197 206 216 
121 137 176 179 191 198 207 
122 138 177 180 199 208 217 
123 139 178 181 192 200 209 218 
124 140 179 182 193 219 
125 141 180 194 201 210 220 
126 142 181 183 195 202 211 221 
127 143 182 184 196 203 212 
128 144 185 197 204 213 222 
129 145 183 186 198 205 214 223 
112 130 146 184 199 206 215 
113 131 147 185 187 200 207 216 
114 132 148 186 208 
115 133 149 188 201 209 217 
134 150 187 202 218 
116 135 189 203 210 219 
117 136 151 188 204 211 220 
118 137 152 190 205 212 221 
119 138 153 189 191 206 213 
120 139 154 207 214 222 
121 140 155 190 192 208 215 223 
112 122 141 156 191 193 209 216 
113 123 142 157 194 
114 124 143 158 192 195 210 217 
115 125 144 159 193 196 211 218 
126 145 194 197 212 219 
116 127 146 160 195 198 213 220 
117 128 147 161 196 199 214 221 
118 129 148 162 197 200 215 
119 130 149 198 216 222 
120 131 150 163 199 201 223 
112 121 132 164 200 202 217 
113 122 133 151 165 203 218 
114 123 134 152 166 201 204 219 
115 124 135 153 167 202 205 220 
125 136 154 203 206 221 
116 126 137 155 168 204 207 
117 127 138 156 169 205 208 222 
118 128 139 157 170 206 209 223 
112 119 129 140 158 171 207 
113 120 130 141 159 208 210 
114 121 131 142 172 209 211 
115 122 132 143 160 173 212 
123 133 144 161 174 210 213 
116 124 134 145 162 175 211 214 
117 125 135 146 176 212 215 
118 126 136 147 163 177 213 216 
119 127 137 148 164 178 214 
120 128 138 149 165 179 215 217 
121 129 139 150 166 180 216 218 
122 130 140 167 181 219 
123 131 141 151 182 217 220 
124 132 142 152 168 218 221 
125 133 143 153 169 183 219 
126 134 144 154 170 184 220 222 
127 135 145 155 171 185 221 223 
112 128 136 146 156 186 
113 129 137 147 157 172 222 
114 130 138 148 158 173 187 223 
112 115 131 139 149 159 174 
113 132 140 150 175 188 
114 116 133 141 160 176 
115 117 134 142 151 161 177 189 
118 135 143 152 162 178 
116 119 136 144 153 179 190 
117 120 137 145 154 163 180 191 
118 121 138 146 155 164 181 
119 122 139 147 156 165 182 192 
120 123 140 148 157 166 193 
121 124 141 149 158 167 183 194 
122 125 142 150 159 184 195 
123 126 143 168 185 196 
124 127 144 151 160 169 186 197 
125 128 145 152 161 170 198 
126 129 146 153 162 171 187 199 
127 130 147 154 200 
128 131 148 155 163 172 188 
129 132 149 156 164 173 201 
130 133 150 157 165 174 189 202 
131 134 158 166 175 203 
132 135 151 159 167 176 190 204 
133 136 152 177 191 205 
134 137 153 160 168 178 206 
135 138 154 161 169 179 192 207 
136 139 155 162 170 180 193 208 
137 140 156 171 181 194 209 
138 141 157 163 182 195 
139 142 158 164 172 196 210 
140 143 159 165 173 183 197 211 
141 144 166 174 184 198 212 
142 145 160 167 175 185 199 213 
143 146 161 176 186 200 214 
144 147 162 168 177 215 
145 148 169 178 187 201 216 
146 149 163 170 179 202 
147 150 164 171 180 188 203 217 
148 165 181 204 218 
149 151 166 172 182 189 205 219 
116 132 160 168 175 190 
117 133 151 161 169 176 189 191 
118 134 152 162 170 177 
119 135 153 171 178 190 192 
120 136 154 163 179 191 193 
121 137 155 164 172 180 194 
122 138 156 165 173 181 192 195 
123 139 157 166 174 182 193 196 
124 140 158 167 175 194 197 
125 141 159 176 183 195 198 
126 142 168 177 184 196 199 
127 143 160 169 178 185 197 200 
128 144 161 170 179 186 198 
129 145 162 171 180 199 201 
130 146 181 187 200 202 
131 147 163 172 182 203 
132 148 164 173 188 201 204 
133 149 165 174 183 202 205 
134 150 166 175 184 189 203 206 
135 167 176 185 204 207 
136 151 177 186 190 205 208 
137 152 168 178 191 206 209 
138 153 169 179 187 207 
139 154 170 180 192 208 210 
140 155 171 181 188 193 209 211 
141 156 182 194 212 
142 157 172 189 195 210 213 
143 158 173 183 196 211 214 
144 159 174 184 190 197 212 215 
145 175 185 191 198 213 216 
146 160 176 186 199 214 
147 161 177 192 200 215 217 
148 162 178 187 193 216 218 
149 179 194 201 219 
150 163 180 188 195 202 217 220 
164 181 196 203 218 221 
151 165 182 189 197 204 219 
152 166 198 205 220 222 
153 167 183 190 199 206 221 223 
112 154 184 191 200 207 
113 155 168 185 208 222 
114 156 169 186 192 201 209 223 
112 115 157 170 193 202 
113 158 171 187 194 203 210 
114 116 159 195 204 211 
115 117 172 188 196 205 212 
118 160 173 197 206 213 
116 119 161 174 189 198 207 214 
117 120 162 175 199 208 215 
118 121 176 190 200 209 216 
119 122 163 177 191 
120 123 164 178 201 210 217 
121 124 165 179 192 202 211 218 
122 125 166 180 193 203 212 219 
123 126 167 181 194 204 213 220 
124 127 182 195 205 214 221 
125 128 168 196 206 215 
126 129 169 183 197 207 216 222 
127 130 170 184 198 208 223 
112 128 131 171 185 199 209 217 
113 129 132 186 200 218 
114 130 133 172 210 219 
115 131 134 173 187 201 211 220 
132 135 174 202 212 221 
116 133 136 175 188 203 213 
117 134 137 176 204 214 222 
118 135 138 177 189 205 215 223 
112 119 136 139 178 206 216 
113 120 137 140 179 190 207 
114 121 138 141 180 191 208 217 
115 122 139 142 181 209 218 
123 140 143 182 192 219 
116 124 141 144 193 210 220 
117 125 142 145 183 194 211 221 
118 126 143 146 184 195 212 
119 127 144 147 185 196 213 222 
120 128 145 148 186 197 214 223 
112 121 129 146 149 198 215 
113 122 130 147 150 187 199 216 
114 123 131 148 200 
115 124 132 149 151 188 217 
125 133 150 152 201 218 
116 126 134 153 189 202 219 
117 127 135 151 154 203 220 
118 128 136 152 155 190 204 221 
119 129 137 153 156 191 205 
120 130 138 154 157 206 222 
121 131 139 155 158 192 207 223 
112 122 132 140 156 159 193 208 
113 123 133 141 157 194 209 
114 124 134 142 158 160 195 
115 125 135 143 159 161 196 210 
126 136 144 162 197 211 
116 127 137 145 160 198 212 
117 128 138 146 161 163 199 213 
118 129 139 147 162 164 200 214 
119 130 140 148 165 215 
120 131 141 149 163 166 201 216 
121 132 142 150 164 167 202 
122 133 143 165 203 217 
123 134 144 151 166 168 204 218 
124 135 145 152 167 169 205 219 
125 136 146 153 170 206 220 
126 137 147 154 168 171 207 221 
127 138 148 155 169 208 
128 139 149 156 170 172 209 222 
129 140 150 157 171 173 223 
112 130 141 158 174 210 
113 131 142 151 159 172 175 211 
114 132 143 152 173 176 212 
115 133 144 153 160 174 177 213 
134 145 154 161 175 178 214 
116 135 146 155 162 176 179 215 
117 136 147 156 177 180 216 
118 137 148 157 163 178 181 
119 138 149 158 164 179 182 217 
120 139 150 159 165 180 218 
121 140 166 181 183 219 
122 141 151 160 167 182 184 220 
123 142 152 161 185 221 
124 143 153 162 168 183 186 
125 144 154 169 184 222 
126 145 155 163 170 185 187 223 
112 127 146 156 164 171 186 
113 128 147 157 165 188 
114 129 148 158 166 172 187 
115 130 149 159 167 173 189 
131 150 174 188 
5 21 40 51 61 69 86 89 167 170 187 195 205 216 235 251 
6 22 41 52 62 70 87 90 168 171 188 196 206 217 236 252 
7 23 42 53 63 71 88 91 169 172 189 197 207 218 237 253 
8 24 43 54 64 72 89 92 170 173 190 198 208 219 238 254 
10 26 45 56 66 74 91 94 128 172 175 192 200 210 221 240 
11 27 46 57 67 75 92 95 129 173 176 193 201 211 222 241 
12 28 47 58 68 76 93 96 130 174 177 194 202 212 223 242 
13 29 48 59 69 77 94 97 131 175 178 195 203 213 224 243 
14 30 49 60 70 78 95 98 132 176 179 196 204 214 225 244 
15 31 50 61 71 79 96 99 133 177 180 197 205 215 226 245 
16 32 51 62 72 80 97 100 134 178 181 198 206 216 227 246 
17 33 52 63 73 81 98 101 135 179 182 199 207 217 228 247 
18 34 53 64 74 82 99 102 136 180 183 200 208 218 229 248 
19 35 54 65 75 83 100 103 137 181 184 201 209 219 230 249 
20 36 55 66 76 84 101 104 138 182 185 202 210 220 231 250 
21 37 56 67 77 85 102 105 139 183 186 203 211 221 232 251 
22 38 57 68 78 86 103 106 140 184 187 204 212 222 233 252 
23 39 58 69 79 87 104 107 141 185 188 205 213 223 234 253 
24 40 59 70 80 88 105 108 142 186 189 206 214 224 235 254 
25 41 60 71 81 89 106 109 143 187 190 207 215 225 236 255 
26 42 61 72 82 90 107 110 128 144 188 191 208 216 226 237 
27 43 62 73 83 91 108 111 129 145 189 192 209 217 227 238 
28 44 63 74 84 92 109 112 130 146 190 193 210 218 228 239 
29 45 64 75 85 93 110 113 131 147 191 194 211 219 229 240 
30 46 65 76 86 94 111 114 132 148 192 195 212 220 230 241 
31 47 66 77 87 95 112 115 133 149 193 196 213 221 231 242 
32 48 67 78 88 96 113 116 134 150 194 197 214 222 232 243 
33 49 68 79 89 97 114 117 135 151 195 198 215 223 233 244 
34 50 69 80 90 98 115 118 136 152 196 199 216 224 234 245 
35 51 70 81 91 99 116 119 137 153 197 200 217 225 235 246 
36 52 71 82 92 100 117 120 138 154 198 201 218 226 236 247 
37 53 72 83 93 101 118 121 139 155 199 202 219 227 237 248 
38 54 73 84 94 102 119 122 140 156 200 203 220 228 238 249 
39 55 74 85 95 103 120 123 141 157 201 204 221 229 239 250 
40 56 75 86 96 104 121 124 142 158 202 205 222 230 240 251 
41 57 76 87 97 105 122 125 143 159 203 206 223 231 241 252 
42 58 77 88 98 106 123 126 144 160 204 207 224 232 242 253 
43 59 78 89 99 107 124 127 145 161 205 208 225 233 243 254 
0 44 60 79 90 100 108 125 146 162 206 209 226 234 244 255 
2 46 62 81 92 102 110 127 129 148 164 208 211 228 236 246 
0 3 47 63 82 93 103 111 130 149 165 209 212 229 237 247 
1 4 48 64 83 94 104 112 131 150 166 210 213 230 238 248 
2 5 49 65 84 95 105 113 132 151 167 211 214 231 239 249 
3 6 50 66 85 96 106 114 133 152 168 212 215 232 240 250 
4 7 51 67 86 97 107 115 134 153 169 213 216 233 241 251 
5 8 52 68 87 98 108 116 135 154 170 214 217 234 242 252 
6 9 53 69 88 99 109 117 136 155 171 215 218 235 243 253 
7 10 54 70 89 100 110 118 137 156 172 216 219 236 244 254 
9 12 56 72 91 102 112 120 128 139 158 174 218 221 238 246 
10 13 57 73 92 103 113 121 129 140 159 175 219 222 239 247 
11 14 58 74 93 104 114 122 130 141 160 176 220 223 240 248 
13 16 60 76 95 106 116 124 132 143 162 178 222 225 242 250 
14 17 61 77 96 107 117 125 133 144 163 179 223 226 243 251 
15 18 62 78 97 108 118 126 134 145 164 180 224 227 244 252 
16 19 63 79 98 109 119 127 135 146 165 181 225 228 245 253 
0 17 20 64 80 99 110 120 136 147 166 182 226 229 246 254 
2 19 22 66 82 101 112 122 128 138 149 168 184 228 231 248 
3 20 23 67 83 102 113 123 129 139 150 169 185 229 232 249 
4 21 24 68 84 103 114 124 130 140 151 170 186 230 233 250 
5 22 25 69 85 104 115 125 131 141 152 171 187 231 234 251 
7 24 27 71 87 106 117 127 133 143 154 173 189 233 236 253 
0 8 25 28 72 88 107 118 134 144 155 174 190 234 237 254 
1 9 26 29 73 89 108 119 135 145 156 175 191 235 238 255 
2 10 27 30 74 90 109 120 128 136 146 157 176 192 236 239 
3 11 28 31 75 91 110 121 129 137 147 158 177 193 237 240 
4 12 29 32 76 92 111 122 130 138 148 159 178 194 238 241 
5 13 30 33 77 93 112 123 131 139 149 160 179 195 239 242 
6 14 31 34 78 94 113 124 132 140 150 161 180 196 240 243 
7 15 32 35 79 95 114 125 133 141 151 162 181 197 241 244 
8 16 33 36 80 96 115 126 134 142 152 163 182 198 242 245 
9 17 34 37 81 97 116 127 135 143 153 164 183 199 243 246 
1 11 19 36 39 83 99 118 137 145 155 166 185 201 245 248 
2 12 20 37 40 84 100 119 138 146 156 167 186 202 246 249 
3 13 21 38 41 85 101 120 139 147 157 168 187 203 247 250 
4 14 22 39 42 86 102 121 140 148 158 169 188 204 248 251 
6 16 24 41 44 88 104 123 142 150 160 171 190 206 250 253 
8 18 26 43 46 90 106 125 144 152 162 173 192 208 252 255 
10 20 28 45 48 92 108 127 129 146 154 164 175 194 210 254 
1 12 22 30 47 50 94 110 128 131 148 156 166 177 196 212 
2 13 23 31 48 51 95 111 129 132 149 157 167 178 197 213 
4 15 25 33 50 53 97 113 131 134 151 159 169 180 199 215 
5 16 26 34 51 54 98 114 132 135 152 160 170 181 200 216 
6 17 27 35 52 55 99 115 133 136 153 161 171 182 201 217 
7 18 28 36 53 56 100 116 134 137 154 162 172 183 202 218 
8 19 29 37 54 57 101 117 135 138 155 163 173 184 203 219 
9 20 30 38 55 58 102 118 136 139 156 164 174 185 204 220 
10 21 31 39 56 59 103 119 137 140 157 165 175 186 205 221 
11 22 32 40 57 60 104 120 138 141 158 166 176 187 206 222 
12 23 33 41 58 61 105 121 139 142 159 167 177 188 207 223 
14 25 35 43 60 63 107 123 141 144 161 169 179 190 209 225 
15 26 36 44 61 64 108 124 142 145 162 170 180 191 210 226 
16 27 37 45 62 65 109 125 143 146 163 171 181 192 211 227 
17 28 38 46 63 66 110 126 144 147 164 172 182 193 212 228 
18 29 39 47 64 67 111 127 145 148 165 173 183 194 213 229 
0 19 30 40 48 65 68 112 146 149 166 174 184 195 214 230 
1 20 31 41 49 66 69 113 147 150 167 175 185 196 215 231 
2 21 32 42 50 67 70 114 148 151 168 176 186 197 216 232 
3 22 33 43 51 68 71 115 149 152 169 177 187 198 217 233 
5 24 35 45 53 70 73 117 151 154 171 179 189 200 219 235 
6 25 36 46 54 71 74 118 152 155 172 180 190 201 220 236 
7 26 37 47 55 72 75 119 153 156 173 181 191 202 221 237 
8 27 38 48 56 73 76 120 154 157 174 182 192 203 222 238 
9 28 39 49 57 74 77 121 155 158 175 183 193 204 223 239 
10 29 40 50 58 75 78 122 156 159 176 184 194 205 224 240 
11 30 41 51 59 76 79 123 157 160 177 185 195 206 225 241 
13 32 43 53 61 78 81 125 159 162 179 187 197 208 227 243 
14 33 44 54 62 79 82 126 160 163 180 188 198 209 228 244 
15 34 45 55 63 80 83 127 161 164 181 189 199 210 229 245 
0 16 35 46 56 64 81 84 162 165 182 190 200 211 230 246 
1 17 36 47 57 65 82 85 163 166 183 191 201 212 231 247 
3 19 38 49 59 67 84 87 165 168 185 193 203 214 233 249 
4 20 39 50 60 68 85 88 166 169 186 194 204 215 234 250 
261 277 296 307 317 325 342 345 423 426 443 451 461 472 491 507 
262 278 297 308 318 326 343 346 424 427 444 452 462 473 492 508 
263 279 298 309 319 327 344 347 425 428 445 453 463 474 493 509 
264 280 299 310 320 328 345 348 426 429 446 454 464 475 494 510 
266 282 301 312 322 330 347 350 384 428 431 448 456 466 477 496 
267 283 302 313 323 331 348 351 385 429 432 449 457 467 478 497 
268 284 303 314 324 332 349 352 386 430 433 450 458 468 479 498 
269 285 304 315 325 333 350 353 387 431 434 451 459 469 480 499 
270 286 305 316 326 334 351 354 388 432 435 452 460 470 481 500 
271 287 306 317 327 335 352 355 389 433 436 453 461 471 482 501 
272 288 307 318 328 336 353 356 390 434 437 454 462 472 483 502 
273 289 308 319 329 337 354 357 391 435 438 455 463 473 484 503 
274 290 309 320 330 338 355 358 392 436 439 456 464 474 485 504 
275 291 310 321 331 339 356 359 393 437 440 457 465 475 486 505 
276 292 311 322 332 340 357 360 394 438 441 458 466 476 487 506 
277 293 312 323 333 341 358 361 395 439 442 459 467 477 488 507 
278 294 313 324 334 342 359 362 396 440 443 460 468 478 489 508 
279 295 314 325 335 343 360 363 397 441 444 461 469 479 490 509 
280 296 315 326 336 344 361 364 398 442 445 462 470 480 491 510 
281 297 316 327 337 345 362 365 399 443 446 463 471 481 492 511 
282 298 317 328 338 346 363 366 384 400 444 447 464 472 482 493 
283 299 318 329 339 347 364 367 385 401 445 448 465 473 483 494 
284 300 319 330 340 348 365 368 386 402 446 449 466 474 484 495 
285 301 320 331 341 349 366 369 387 403 447 450 467 475 485 496 
286 302 321 332 342 350 367 370 388 404 448 451 468 476 486 497 
287 303 322 333 343 351 368 371 389 405 449 452 469 477 487 498 
288 304 323 334 344 352 369 372 390 406 450 453 470 478 488 499 
289 305 324 335 345 353 370 373 391 407 451 454 471 479 489 500 
290 306 325 336 346 354 371 374 392 408 452 455 472 480 490 501 
291 307 326 337 347 355 372 375 393 409 453 456 473 481 491 502 
292 308 327 338 348 356 373 376 394 410 454 457 474 482 492 503 
293 309 328 339 349 357 374 377 395 411 455 458 475 483 493 504 
294 310 329 340 350 358 375 378 396 412 456 459 476 484 494 505 
295 311 330 341 351 359 376 379 397 413 457 460 477 485 495 506 
296 312 331 342 352 360 377 380 398 414 458 461 478 486 496 507 
297 313 332 343 353 361 378 381 399 415 459 462 479 487 497 508 
298 314 333 344 354 362 379 382 400 416 460 463 480 488 498 509 
299 315 334 345 355 363 380 383 401 417 461 464 481 489 499 510 
256 300 316 335 346 356 364 381 402 418 462 465 482 490 500 511 
258 302 318 337 348 358 366 383 385 404 420 464 467 484 492 502 
256 259 303 319 338 349 359 367 386 405 421 465 468 485 493 503 
257 260 304 320 339 350 360 368 387 406 422 466 469 486 494 504 
258 261 305 321 340 351 361 369 388 407 423 467 470 487 495 505 
259 262 306 322 341 352 362 370 389 408 424 468 471 488 496 506 
260 263 307 323 342 353 363 371 390 409 425 469 472 489 497 507 
261 264 308 324 343 354 364 372 391 410 426 470 473 490 498 508 
262 265 309 325 344 355 365 373 392 411 427 471 474 491 499 509 
263 266 310 326 345 356 366 374 393 412 428 472 475 492 500 510 
265 268 312 328 347 358 368 376 384 395 414 430 474 477 494 502 
266 269 313 329 348 359 369 377 385 396 415 431 475 478 495 503 
267 270 314 330 349 360 370 378 386 397 416 432 476 479 496 504 
269 272 316 332 351 362 372 380 388 399 418 434 478 481 498 506 
270 273 317 333 352 363 373 381 389 400 419 435 479 482 499 507 
271 274 318 334 353 364 374 382 390 401 420 436 480 483 500 508 
272 275 319 335 354 365 375 383 391 402 421 437 481 484 501 509 
256 273 276 320 336 355 366 376 392 403 422 438 482 485 502 510 
258 275 278 322 338 357 368 378 384 394 405 424 440 484 487 504 
259 276 279 323 339 358 369 379 385 395 406 425 441 485 488 505 
260 277 280 324 340 359 370 380 386 396 407 426 442 486 489 506 
261 278 281 325 341 360 371 381 387 397 408 427 443 487 490 507 
263 280 283 327 343 362 373 383 389 399 410 429 445 489 492 509 
256 264 281 284 328 344 363 374 390 400 411 430 446 490 493 510 
257 265 282 285 329 345 364 375 391 401 412 431 447 491 494 511 
258 266 283 286 330 346 365 376 384 392 402 413 432 448 492 495 
259 267 284 287 331 347 366 377 385 393 403 414 433 449 493 496 
260 268 285 288 332 348 367 378 386 394 404 415 434 450 494 497 
261 269 286 289 333 349 368 379 387 395 405 416 435 451 495 498 
262 270 287 290 334 350 369 380 388 396 406 417 436 452 496 499 
263 271 288 291 335 351 370 381 389 397 407 418 437 453 497 500 
264 272 289 292 336 352 371 382 390 398 408 419 438 454 498 501 
265 273 290 293 337 353 372 383 391 399 409 420 439 455 499 502 
257 267 275 292 295 339 355 374 393 401 411 422 441 457 501 504 
258 268 276 293 296 340 356 375 394 402 412 423 442 458 502 505 
259 269 277 294 297 341 357 376 395 403 413 424 443 459 503 506 
260 270 278 295 298 342 358 377 396 404 414 425 444 460 504 507 
262 272 280 297 300 344 360 379 398 406 416 427 446 462 506 509 
264 274 282 299 302 346 362 381 400 408 418 429 448 464 508 511 
266 276 284 301 304 348 364 383 385 402 410 420 431 450 466 510 
257 268 278 286 303 306 350 366 384 387 404 412 422 433 452 468 
258 269 279 287 304 307 351 367 385 388 405 413 423 434 453 469 
260 271 281 289 306 309 353 369 387 390 407 415 425 436 455 471 
261 272 282 290 307 310 354 370 388 391 408 416 426 437 456 472 
262 273 283 291 308 311 355 371 389 392 409 417 427 438 457 473 
263 274 284 292 309 312 356 372 390 393 410 418 428 439 458 474 
264 275 285 293 310 313 357 373 391 394 411 419 429 440 459 475 
265 276 286 294 311 314 358 374 392 395 412 420 430 441 460 476 
266 277 287 295 312 315 359 375 393 396 413 421 431 442 461 477 
267 278 288 296 313 316 360 376 394 397 414 422 432 443 462 478 
268 279 289 297 314 317 361 377 395 398 415 423 433 444 463 479 
270 281 291 299 316 319 363 379 397 400 417 425 435 446 465 481 
271 282 292 300 317 320 364 380 398 401 418 426 436 447 466 482 
272 283 293 301 318 321 365 381 399 402 419 427 437 448 467 483 
273 284 294 302 319 322 366 382 400 403 420 428 438 449 468 484 
274 285 295 303 320 323 367 383 401 404 421 429 439 450 469 485 
256 275 286 296 304 321 324 368 402 405 422 430 440 451 470 486 
257 276 287 297 305 322 325 369 403 406 423 431 441 452 471 487 
258 277 288 298 306 323 326 370 404 407 424 432 442 453 472 488 
259 278 289 299 307 324 327 371 405 408 425 433 443 454 473 489 
261 280 291 301 309 326 329 373 407 410 427 435 445 456 475 491 
262 281 292 302 310 327 330 374 408 411 428 436 446 457 476 492 
263 282 293 303 311 328 331 375 409 412 429 437 447 458 477 493 
264 283 294 304 312 329 332 376 410 413 430 438 448 459 478 494 
265 284 295 305 313 330 333 377 411 414 431 439 449 460 479 495 
266 285 296 306 314 331 334 378 412 415 432 440 450 461 480 496 
267 286 297 307 315 332 335 379 413 416 433 441 451 462 481 497 
269 288 299 309 317 334 337 381 415 418 435 443 453 464 483 499 
270 289 300 310 318 335 338 382 416 419 436 444 454 465 484 500 
271 290 301 311 319 336 339 383 417 420 437 445 455 466 485 501 
256 272 291 302 312 320 337 340 418 421 438 446 456 467 486 502 
257 273 292 303 313 321 338 341 419 422 439 447 457 468 487 503 
259 275 294 305 315 323 340 343 421 424 441 449 459 470 489 505 
260 276 295 306 316 324 341 344 422 425 442 450 460 471 490 506 