<tf.RaggedTensor [[0, 30, 75, 135, 180, 212],
 [2, 33, 77, 136, 188, 230],
 [4, 36, 79, 137, 196, 224, 231],
 [6, 39, 81, 138, 204, 218, 232],
 [8, 42, 83, 139, 181, 189, 213, 219, 225, 233],
 [10, 45, 85, 140, 190, 197, 214],
 [12, 48, 87, 141, 198, 205, 234],
 [14, 51, 89, 142, 182, 191, 206, 226, 235],
 [16, 54, 91, 143, 183, 199, 220, 236],
 [18, 57, 93, 144, 192, 207, 215, 221, 227, 237],
 [20, 60, 95, 145, 184, 193, 200, 216],
 [22, 63, 97, 146, 194, 201, 208, 238],
 [24, 66, 99, 147, 185, 195, 202, 209, 228, 239],
 [26, 69, 101, 148, 186, 203, 210, 222, 240],
 [28, 72, 103, 149, 187, 211, 217, 223, 229, 241],
 [31, 76, 105, 150, 242, 274],
 [34, 78, 107, 151, 250, 292],
 [37, 80, 109, 152, 258, 286, 293],
 [40, 82, 111, 153, 266, 280, 294],
 [43, 84, 113, 154, 243, 251, 275, 281, 287, 295],
 [46, 86, 115, 155, 252, 259, 276],
 [49, 88, 117, 156, 260, 267, 296],
 [52, 90, 119, 157, 244, 253, 268, 288, 297],
 [55, 92, 121, 158, 245, 261, 282, 298],
 [58, 94, 123, 159, 254, 269, 277, 283, 289, 299],
 [61, 96, 125, 160, 246, 255, 262, 278],
 [64, 98, 127, 161, 256, 263, 270, 300],
 [67, 100, 129, 162, 247, 257, 264, 271, 290, 301],
 [70, 102, 131, 163, 248, 265, 272, 284, 302],
 [73, 104, 133, 164, 249, 273, 279, 285, 291, 303],
 [1, 32, 106, 165, 304, 336],
 [3, 35, 108, 166, 312, 354],
 [5, 38, 110, 167, 320, 348, 355],
 [7, 41, 112, 168, 328, 342, 356],
 [9, 44, 114, 169, 305, 313, 337, 343, 349, 357],
 [11, 47, 116, 170, 314, 321, 338],
 [13, 50, 118, 171, 322, 329, 358],
 [15, 53, 120, 172, 306, 315, 330, 350, 359],
 [17, 56, 122, 173, 307, 323, 344, 360],
 [19, 59, 124, 174, 316, 331, 339, 345, 351, 361],
 [21, 62, 126, 175, 308, 317, 324, 340],
 [23, 65, 128, 176, 318, 325, 332, 362],
 [25, 68, 130, 177, 309, 319, 326, 333, 352, 363],
 [27, 71, 132, 178, 310, 327, 334, 346, 364],
 [29, 74, 134, 179, 311, 335, 341, 347, 353, 365],
 [366, 376, 388, 393, 403, 411, 417, 422, 800, 864],
 [368, 377, 382, 389, 397, 404, 407, 412, 804, 868],
 [370, 383, 385, 394, 405, 408, 413, 418, 808, 872],
 [373, 386, 390, 398, 409, 414, 419, 423, 812, 876],
 [367, 378, 384, 399, 406, 424, 816, 880],
 [374, 379, 395, 400, 420, 425, 820, 884],
 [371, 380, 391, 401, 415, 426, 824, 888],
 [369, 372, 375, 381, 387, 392, 396, 402, 410, 416, 421, 427, 828, 892],
 [428, 438, 450, 455, 465, 473, 479, 484, 801, 832, 865],
 [430, 439, 444, 451, 459, 466, 469, 474, 805, 836, 869],
 [432, 445, 447, 456, 467, 470, 475, 480, 809, 840, 873],
 [435, 448, 452, 460, 471, 476, 481, 485, 813, 844, 877],
 [429, 440, 446, 461, 468, 486, 817, 848, 881],
 [436, 441, 457, 462, 482, 487, 821, 852, 885],
 [433, 442, 453, 463, 477, 488, 825, 856, 889],
 [431, 434, 437, 443, 449, 454, 458, 464, 472, 478, 483, 489, 829, 860, 893],
 [490, 500, 512, 517, 527, 535, 541, 546, 802, 833],
 [492, 501, 506, 513, 521, 528, 531, 536, 806, 837],
 [494, 507, 509, 518, 529, 532, 537, 542, 810, 841],
 [497, 510, 514, 522, 533, 538, 543, 547, 814, 845],
 [491, 502, 508, 523, 530, 548, 818, 849],
 [498, 503, 519, 524, 544, 549, 822, 853],
 [495, 504, 515, 525, 539, 550, 826, 857],
 [493, 496, 499, 505, 511, 516, 520, 526, 534, 540, 545, 551, 830, 861],
 [552, 562, 574, 579, 589, 597, 603, 608, 834, 866],
 [554, 563, 568, 575, 583, 590, 593, 598, 838, 870],
 [556, 569, 571, 580, 591, 594, 599, 604, 842, 874],
 [559, 572, 576, 584, 595, 600, 605, 609, 846, 878],
 [553, 564, 570, 585, 592, 610, 850, 882],
 [560, 565, 581, 586, 606, 611, 854, 886],
 [557, 566, 577, 587, 601, 612, 858, 890],
 [555, 558, 561, 567, 573, 578, 582, 588, 596, 602, 607, 613, 862, 894],
 [614, 624, 636, 641, 651, 659, 665, 670, 803],
 [616, 625, 630, 637, 645, 652, 655, 660, 807],
 [618, 631, 633, 642, 653, 656, 661, 666, 811],
 [621, 634, 638, 646, 657, 662, 667, 671, 815],
 [615, 626, 632, 647, 654, 672, 819],
 [622, 627, 643, 648, 668, 673, 823],
 [619, 628, 639, 649, 663, 674, 827],
 [617, 620, 623, 629, 635, 640, 644, 650, 658, 664, 669, 675, 831],
 [676, 686, 698, 703, 713, 721, 727, 732, 835],
 [678, 687, 692, 699, 707, 714, 717, 722, 839],
 [680, 693, 695, 704, 715, 718, 723, 728, 843],
 [683, 696, 700, 708, 719, 724, 729, 733, 847],
 [677, 688, 694, 709, 716, 734, 851],
 [684, 689, 705, 710, 730, 735, 855],
 [681, 690, 701, 711, 725, 736, 859],
 [679, 682, 685, 691, 697, 702, 706, 712, 720, 726, 731, 737, 863],
 [738, 748, 760, 765, 775, 783, 789, 794, 867],
 [740, 749, 754, 761, 769, 776, 779, 784, 871],
 [742, 755, 757, 766, 777, 780, 785, 790, 875],
 [745, 758, 762, 770, 781, 786, 791, 795, 879],
 [739, 750, 756, 771, 778, 796, 883],
 [746, 751, 767, 772, 792, 797, 887],
 [743, 752, 763, 773, 787, 798, 891],
 [741, 744, 747, 753, 759, 764, 768, 774, 782, 788, 793, 799, 895]]>