My results:
NBP:
8.948412698412698540e-02 
6.215873015873015633e-02
3.453174603174603147e-02
1.388095238095238097e-02
3.303854875283446582e-03
5.640040962621607886e-04

BP:
8.835714285714285632e-02
6.033333333333333603e-02
3.516666666666666552e-02
1.655158730158729982e-02
7.509523809523810552e-03
2.339153439153439373e-03

Reference results:
NBP:
0.08483428982440726
0.058375923784886
0.03307352764125552
0.012514185761897719
0.0036177750426584126
0.0005179474679231218

BP:
0.08483428982440726
0.05750958845380095
0.03357175352479241
0.01566048452832834
0.007640413849058572
0.002380254399901921