BP:
0.09049228825585272  , 0.9223851039358478
0.059821803801062806 , 0.4964853438681372
0.04992833774831476  , 0.2976351441631319
0.039924516871278945 , 0.15594895040582832
0.02986803224892879  , 0.06767205372282102
0.019933647627875042 , 0.02014158146560703
0.010000000000000016 , 0.002601385279477476

BP + OSD:
0.09006280202112796, 0.7639077845044224
0.06010707852816862, 0.21544346900318845
0.04992833774831476, 0.11288378916846895
0.039924516871278945, 0.0531063188731435
0.03001046517818878, 0.022432475028984204
0.019933647627875042, 0.006499283734753765
0.010000000000000016, 0.0008394147730457918

0.09049228825585272, 0.059821803801062806, 0.04992833774831476, 0.039924516871278945, 0.02986803224892879, 0.019933647627875042, 0.010000000000000016